area	vertices	type	avg_x	avg_y
49.15	4	1	4.675	2.257
105.0	6	1	15.749	4.46
9.743	4	1	27.389	0.289
12.56	5	1	37.534	0.881
2.382	4	1	42.023	0.197
233.6	6	1	41.841	9.314
3.248	4	1	48.65	0.202
183.2	7	1	54.153	9.489
147.9	5	1	67.946	3.457
22.73	4	1	79.512	2.676
73.83	6	1	87.592	3.078
144.6	7	1	105.104	3.181
226.0	8	1	120.14	9.783
271.3	8	1	141.069	5.465
44.6	4	1	156.536	2.791
41.79	5	1	163.622	2.589
149.8	6	1	170.974	8.748
15.16	4	1	174.543	2.697
181.4	8	1	183.595	5.76
155.2	6	1	207.03	3.431
114.5	5	1	222.582	7.945
111.1	6	1	229.477	5.047
99.38	4	1	238.576	5.015
110.2	5	1	246.103	6.438
54.56	4	1	263.509	1.638
43.3	4	1	274.131	4.514
504.5	8	1	289.312	9.046
9.093	4	1	295.244	0.629
82.71	6	1	317.464	2.862
30.53	5	1	327.197	1.274
15.59	4	1	338.677	0.559
891.4	9	1	355.969	23.244
24.47	5	1	357.673	1.088
619.0	7	1	381.226	8.09
14.07	3	1	404.862	0.853
185.8	7	1	412.426	5.833
23.38	4	1	426.12	1.01
199.4	5	1	441.681	4.969
292.7	7	1	457.905	10.7
16.67	3	1	461.588	0.86
42.0	4	1	474.646	1.618
60.41	4	1	489.308	1.394
201.6	6	0	27.221	7.439
5.196	4	0	192.0	1.84
1.083	3	0	190.25	1.472
45.47	4	0	257.067	4.491
169.5	7	0	334.872	7.442
52.18	6	0	195.34	5.57
500.6	11	0	426.806	16.847
131.2	6	1	494.689	7.935
504.9	11	0	261.536	14.924
3.681	4	0	424.177	2.904
422.2	10	0	477.497	15.561
50.66	5	0	472.132	6.245
247.9	6	1	6.447	14.073
6.062	3	0	359.723	6.294
21.87	3	0	103.465	6.894
837.2	15	0	318.279	24.58
1.299	3	0	327.208	5.99
64.3	5	0	397.137	8.826
737.4	10	0	80.224	23.603
1.516	4	0	95.5	5.815
17.75	4	0	109.454	8.391
8.011	4	0	115.446	7.467
63.22	6	0	198.641	10.615
244.0	10	0	101.781	14.288
148.5	4	0	134.187	11.992
92.23	6	0	158.737	10.077
128.2	7	0	215.909	14.94
238.6	4	0	66.206	15.482
101.8	7	0	298.458	12.336
52.61	6	0	207.83	12.465
196.2	6	0	445.407	18.097
116.9	6	0	189.694	16.757
7.794	4	0	306.077	12.064
10.39	4	0	413.297	12.783
8.444	3	0	203.141	12.968
375.0	8	0	396.21	22.103
51.53	6	0	21.84	15.716
21.0	5	0	166.58	14.495
546.2	7	0	373.722	35.176
158.7	7	0	178.585	20.643
67.33	7	0	238.881	16.574
24.03	4	0	275.705	15.694
5.196	3	0	304.708	14.109
62.35	5	0	226.288	16.298
311.6	8	0	40.663	22.79
151.3	7	0	154.311	19.022
89.63	5	0	491.136	18.016
75.78	6	0	140.424	18.016
2.382	3	0	146.682	14.25
75.78	5	0	336.029	19.265
268.0	7	0	166.067	26.355
266.1	10	0	199.008	25.151
30.74	6	0	233.53	18.391
17.1	4	1	498.858	17.896
113.7	5	0	412.995	21.7
234.3	6	0	464.156	26.654
90.5	5	0	296.321	21.008
67.98	4	0	16.23	20.946
536.1	9	0	129.695	33.026
198.1	7	0	211.983	27.219
114.7	5	0	241.025	25.609
25.11	4	0	115.349	20.882
137.3	7	0	23.8	25.988
292.7	9	0	227.066	30.297
144.4	7	0	251.223	26.421
535.4	9	0	148.117	35.949
10.61	4	1	498.301	22.137
76.86	4	0	99.58	23.522
196.6	7	0	110.765	28.537
270.0	6	0	342.984	30.694
229.9	7	1	7.764	30.453
384.9	9	0	54.819	33.981
289.9	8	1	493.391	32.631
161.7	6	0	296.803	28.568
1.732	3	0	218.125	23.058
15.59	4	0	274.948	24.014
313.1	10	0	280.549	32.961
6.495	3	0	331.283	24.537
67.12	5	0	185.831	26.44
26.41	4	0	234.877	27.038
219.3	6	0	480.52	35.555
72.53	3	0	432.899	30.987
349.4	6	0	449.091	34.646
48.28	5	0	269.977	32.414
130.6	7	0	408.963	33.278
107.0	5	0	263.469	31.732
32.91	6	0	436.546	31.359
57.37	5	0	36.267	31.27
12.56	3	0	118.44	31.431
93.31	5	0	311.21	32.163
33.77	4	0	415.891	30.833
666.4	7	0	95.939	42.461
5.629	5	0	177.99	30.427
6.712	4	0	30.452	30.674
116.0	7	0	184.941	33.866
35.29	4	0	472.428	33.512
46.33	5	0	174.917	35.137
373.9	8	0	390.534	39.354
69.07	7	0	241.052	34.931
358.3	8	0	334.369	42.752
212.2	8	0	28.379	38.584
200.1	9	0	423.297	38.36
58.24	5	0	257.559	36.6
7.578	4	0	19.257	33.453
60.19	5	0	250.093	36.53
38.32	4	0	292.959	35.96
226.7	7	0	11.656	42.482
108.7	6	0	210.252	38.635
39.4	5	0	83.769	37.025
21.87	5	0	220.619	37.273
81.84	6	0	303.952	38.26
30.53	4	0	196.69	37.181
66.68	6	0	202.673	41.239
31.83	6	0	118.757	39.227
73.83	5	0	405.485	41.017
74.05	6	0	168.311	39.494
134.5	7	0	216.579	45.235
941.8	14	0	435.029	63.565
150.0	7	0	469.071	45.121
126.9	6	0	38.255	44.198
257.0	8	0	292.295	47.375
254.0	9	0	184.594	45.657
311.6	6	0	454.067	50.345
111.7	5	0	244.927	41.715
10.83	4	1	0.93	41.569
67.55	5	0	195.764	43.979
27.71	5	0	71.736	41.749
422.0	11	0	266.517	51.934
98.51	5	0	350.97	47.1
268.3	6	0	241.244	51.493
83.79	6	0	63.592	45.029
124.1	10	0	228.075	48.866
139.2	6	0	46.871	49.069
23.82	3	0	163.541	43.498
95.7	6	0	253.968	47.576
25.11	4	0	278.606	42.827
64.95	4	0	306.399	48.194
28.58	6	0	414.869	44.085
159.6	5	0	113.361	52.758
260.9	8	0	124.14	53.396
20.35	5	0	399.902	44.771
15.37	4	0	488.144	43.564
154.6	7	0	18.11	50.972
204.4	7	0	166.102	48.753
41.14	5	1	496.798	47.176
14.72	5	0	71.643	45.001
35.72	4	0	279.359	46.453
74.48	5	0	300.927	49.961
596.5	13	1	486.066	56.907
25.33	5	1	1.598	48.09
48.5	6	0	407.851	47.546
40.27	3	0	424.363	47.883
1.299	4	0	207.333	46.044
3.464	3	0	413.922	46.035
3.464	4	0	493.656	46.386
394.0	8	0	57.301	61.864
78.81	4	0	68.293	51.915
452.3	10	0	199.398	57.544
154.8	5	0	395.787	53.404
54.13	7	0	418.059	50.203
45.03	6	0	30.166	50.996
242.3	5	0	153.501	55.513
28.8	4	0	220.955	51.642
194.2	9	0	316.699	54.535
293.4	6	0	283.974	60.277
338.4	8	0	354.309	57.278
300.3	9	0	407.328	58.648
470.7	6	0	456.369	70.778
147.9	8	1	5.419	59.045
784.4	9	0	87.331	61.894
5.196	3	1	0.375	53.657
110.6	7	0	37.832	58.355
439.1	9	0	166.595	64.793
481.7	9	0	331.553	64.341
1.299	3	0	340.375	51.456
14.94	4	0	24.228	54.98
35.72	5	0	215.638	54.688
1.083	3	1	499.8	53.001
9.093	4	0	27.429	54.395
719.2	10	0	132.949	72.45
133.2	7	0	377.08	59.625
8.877	4	0	385.396	54.296
9.31	3	0	169.965	55.607
67.55	8	0	222.672	59.017
135.3	8	0	28.518	61.284
183.8	8	0	386.761	64.571
214.3	8	0	234.781	63.446
284.1	9	0	311.587	69.945
134.5	5	0	467.455	66.176
49.15	6	0	15.966	59.105
92.45	5	0	46.119	61.901
140.3	7	0	256.585	64.093
13.86	6	0	300.563	57.78
8.011	4	0	323.649	58.866
238.8	6	0	367.182	70.391
51.96	4	0	214.563	60.994
9.093	3	0	226.214	59.735
63.65	5	0	146.74	63.226
406.2	9	0	191.114	71.696
113.4	4	0	301.235	66.981
85.74	6	0	18.764	65.56
56.94	3	0	449.85	63.865
100.0	5	0	248.556	67.765
15.37	5	0	11.757	64.373
82.71	6	0	215.632	67.856
148.5	6	0	112.568	69.745
98.73	7	0	407.155	68.288
933.8	11	0	286.412	81.293
255.5	7	0	420.62	74.262
262.8	6	0	352.99	71.823
55.86	5	0	318.501	69.495
27.93	4	0	208.946	67.906
59.76	4	1	2.879	69.778
3.681	4	0	412.191	65.538
262.8	7	0	222.567	75.75
132.5	7	0	35.828	73.33
28.15	4	0	44.156	68.872
411.1	7	0	475.581	76.929
13.64	5	0	41.817	70.643
186.4	9	0	8.83	76.492
65.6	5	0	376.957	71.883
152.4	7	0	25.104	74.051
4.33	4	1	498.587	68.221
66.68	5	0	397.219	71.509
84.65	5	0	150.674	74.773
14.72	4	0	495.78	70.53
288.6	6	0	72.758	76.865
338.6	6	0	97.655	79.088
15.37	5	0	263.472	71.478
19.49	5	1	499.222	75.007
31.83	4	0	237.259	71.291
35.07	4	0	339.19	72.027
1.732	3	0	16.688	70.798
284.7	8	0	210.045	83.99
32.91	5	0	244.271	73.564
535.4	9	0	248.385	85.796
195.1	5	0	171.108	76.674
5.846	4	0	261.019	73.195
186.6	10	1	492.057	81.876
204.2	8	0	49.277	78.893
24.25	4	0	496.857	74.617
372.6	8	0	266.942	87.427
278.6	9	0	384.072	80.579
8.011	5	0	321.831	75.169
13.42	4	0	394.222	75.1
63.65	5	0	402.329	77.06
129.5	6	0	234.442	79.729
17.97	3	0	416.078	76.085
14.94	3	0	145.359	77.032
24.25	5	0	119.759	77.494
67.98	5	0	11.005	83.969
29.01	3	0	303.105	79.293
524.6	8	0	347.007	88.823
34.21	5	0	370.552	80.138
171.3	7	0	20.823	86.045
10.39	4	0	184.839	78.402
124.7	5	0	308.668	84.184
424.8	10	0	408.877	87.158
499.0	9	0	106.07	94.04
33.56	4	1	1.856	83.443
671.2	11	0	155.648	93.008
108.0	6	0	329.115	82.091
1.299	3	0	417.958	79.313
68.2	4	0	122.112	82.749
23.17	4	0	27.607	83.576
322.6	6	0	176.843	89.435
107.4	6	0	62.078	85.884
90.07	6	0	363.395	86.634
532.2	12	0	39.486	94.24
281.9	9	0	477.738	92.317
162.2	5	0	194.757	90.624
358.8	7	0	77.636	92.241
135.7	8	0	322.445	88.768
19.05	3	1	498.943	87.911
81.84	6	0	426.99	86.994
25.55	4	0	370.621	86.694
43.73	4	0	52.635	87.891
81.19	7	0	455.775	87.298
126.7	6	0	120.57	92.448
68.63	7	0	225.069	90.143
150.5	4	0	455.848	93.417
17.75	4	1	0.905	90.864
72.1	7	0	188.176	92.579
450.8	7	1	11.312	101.353
552.3	8	0	376.302	97.066
19.27	5	0	464.997	89.945
69.93	6	0	233.859	94.271
2.165	3	0	486.625	88.984
22.52	5	0	489.601	90.841
74.91	6	0	309.83	93.406
178.8	6	0	398.026	101.407
123.4	5	0	130.692	96.741
289.0	6	0	333.486	100.511
79.46	5	0	62.465	96.562
40.92	6	0	57.614	93.948
289.0	7	0	92.152	104.282
82.27	7	0	200.856	96.187
19.27	4	0	425.61	92.066
81.19	8	1	495.219	95.297
91.58	6	0	214.244	94.862
288.6	9	0	432.498	99.197
44.38	4	0	229.094	96.444
131.6	7	0	448.616	98.838
217.6	7	0	323.555	105.282
240.8	5	0	25.267	107.886
16.89	4	0	313.638	97.167
276.7	7	0	411.034	103.518
176.5	9	0	223.4	103.055
655.1	9	0	258.602	112.678
6.062	3	0	53.804	97.583
176.9	4	0	147.611	103.148
29.88	4	0	182.462	98.592
321.7	6	0	289.594	104.565
3.031	4	0	489.661	97.026
2.598	3	0	207.021	96.887
14.72	5	0	303.816	98.943
139.0	7	0	207.676	104.579
240.1	6	0	389.182	110.832
54.56	6	0	486.942	101.92
291.9	11	0	56.701	112.758
986.4	11	0	130.917	119.433
56.51	6	0	172.129	101.419
289.9	8	0	310.822	109.576
231.7	7	0	479.728	107.903
18.62	4	1	498.509	101.542
21.87	4	0	233.453	101.741
225.8	8	0	462.409	105.783
12.77	4	0	116.534	101.325
442.1	10	0	190.144	109.38
155.5	5	0	276.797	111.336
26.41	5	0	492.557	101.637
267.2	6	0	71.558	107.184
237.9	10	0	241.044	107.619
1.299	4	0	193.0	100.892
230.1	5	0	351.363	109.856
72.31	5	0	169.217	108.619
59.97	6	1	496.542	107.437
160.9	6	0	364.032	109.545
115.4	4	0	422.451	109.405
61.05	6	0	439.379	107.762
176.7	7	0	114.323	114.71
159.3	5	1	4.07	116.386
53.26	4	0	300.752	110.084
12.34	3	0	444.728	107.706
40.49	5	0	46.213	111.812
37.89	3	0	49.803	110.297
334.9	7	0	221.181	116.373
266.7	8	0	450.605	116.655
63.87	7	0	491.269	111.096
290.1	6	0	34.275	117.359
95.48	4	0	269.503	111.428
1507.0	14	0	71.259	139.023
21.43	4	0	105.902	109.78
121.7	7	0	428.633	116.04
108.5	5	0	376.152	114.156
182.1	7	0	153.958	116.848
444.3	9	0	176.567	122.922
394.9	8	0	345.248	123.263
80.97	5	0	473.608	115.336
1.083	3	0	232.05	110.245
12.34	5	0	232.009	113.145
162.6	4	0	438.506	119.048
67.12	4	0	321.897	116.357
186.4	6	0	401.817	120.49
208.5	9	0	102.384	120.81
928.8	8	0	193.111	139.582
502.5	9	0	300.33	123.07
166.3	7	0	413.206	119.041
23.38	4	0	181.377	116.019
121.2	6	1	494.864	119.821
59.54	6	0	15.665	118.801
35.07	3	0	67.531	116.662
452.7	9	0	368.213	129.008
222.6	7	0	462.776	122.439
1.732	3	0	493.594	114.261
18.4	5	0	232.977	117.616
7.578	4	0	92.443	116.122
257.9	7	0	40.848	125.851
3.031	3	0	235.554	116.388
42.0	6	0	486.678	120.083
246.8	8	0	238.518	125.055
317.8	8	0	330.626	128.635
158.5	6	0	381.91	125.938
48.06	5	0	311.166	123.258
36.37	5	0	478.994	121.048
111.7	5	0	10.085	125.721
43.73	3	0	161.668	123.263
36.59	4	0	353.507	121.328
127.3	8	0	279.899	125.265
212.6	7	0	395.19	129.772
193.6	7	0	211.212	129.396
50.88	4	0	421.459	125.174
10.61	5	0	473.908	123.647
3.248	4	0	191.583	122.774
51.31	5	0	108.518	125.912
835.5	12	0	433.505	138.599
96.35	6	0	481.852	126.844
122.3	7	0	471.49	131.16
150.0	6	0	14.645	135.016
369.8	8	0	155.208	133.272
209.8	5	0	54.145	133.765
163.2	7	1	493.881	131.886
8.66	4	0	114.475	126.57
3.464	3	0	270.453	126.575
37.67	4	0	414.931	129.456
65.38	5	0	91.067	130.875
501.2	9	0	254.356	139.58
135.7	7	0	410.064	135.253
107.8	7	0	23.098	133.505
218.5	7	0	276.472	137.107
110.4	7	1	4.184	135.072
3.031	4	0	96.714	128.667
144.4	5	0	110.974	135.025
246.2	7	0	225.35	138.049
64.52	5	0	266.05	132.247
167.6	7	0	455.889	136.983
310.5	7	0	291.37	138.458
72.1	6	0	93.613	137.586
37.89	4	0	462.619	133.118
150.9	8	0	102.732	140.212
83.35	5	0	345.462	137.421
411.1	10	0	484.477	144.294
5.196	4	0	34.104	133.043
98.73	4	0	175.303	135.875
92.88	4	0	236.585	137.632
37.02	5	0	311.877	134.553
662.5	8	0	326.144	148.38
232.1	6	0	42.681	141.6
1.516	4	0	98.214	133.492
388.4	8	0	30.402	148.226
203.1	7	0	304.014	143.598
32.91	6	0	391.607	137.211
106.7	7	0	117.445	142.729
115.6	6	0	358.261	142.399
103.1	5	0	383.758	140.977
383.4	5	0	209.27	146.994
198.3	6	0	133.874	141.981
30.31	6	0	464.723	139.341
108.0	6	1	498.173	151.067
100.9	6	0	341.293	142.843
83.35	5	0	470.691	142.327
288.6	8	0	152.63	147.273
34.21	4	0	268.885	142.623
11.91	5	0	352.636	139.525
40.92	5	0	403.056	141.286
342.9	9	0	166.689	151.589
11.91	4	0	398.755	139.367
243.4	8	0	374.243	149.201
35.72	5	0	389.056	143.39
64.3	6	0	394.399	144.649
4.114	4	1	0.724	141.413
54.13	4	0	56.864	143.694
4.114	4	0	3.526	141.983
109.3	6	0	8.238	147.654
241.2	9	0	408.583	149.39
89.63	6	0	96.929	147.04
25.11	6	1	1.306	146.829
96.13	6	0	239.216	148.41
23.17	6	0	350.879	144.885
67.77	5	0	364.478	150.402
52.18	5	0	229.711	148.279
55.21	5	0	275.236	147.62
67.55	4	0	457.089	147.759
2.165	3	0	489.95	144.107
1.299	3	0	140.5	145.059
203.9	6	0	19.905	154.781
163.7	9	0	465.181	152.693
330.8	7	0	131.083	153.973
557.1	11	0	254.974	162.528
80.11	5	0	313.241	155.243
11.69	4	0	354.213	148.219
69.5	5	0	84.051	152.013
71.45	7	0	110.154	151.228
45.9	7	0	281.267	151.122
928.2	11	0	355.778	170.393
252.4	6	0	94.475	157.529
64.95	5	0	265.335	154.046
88.55	5	0	272.877	154.175
24.9	3	0	286.957	150.327
9.959	4	0	115.544	149.484
313.3	6	0	380.698	166.622
112.2	7	0	395.187	153.838
469.4	7	0	212.936	163.406
17.1	4	0	79.62	154.273
564.9	12	0	234.674	169.619
152.2	6	0	446.603	153.95
29.66	5	0	431.438	152.345
283.8	8	0	291.629	159.905
30.53	6	0	4.803	154.014
8.66	4	0	426.731	152.345
19.92	4	1	1.253	155.428
145.5	7	0	418.861	160.624
43.08	4	0	494.533	157.399
176.0	5	0	305.771	159.69
31.61	5	0	471.563	155.372
95.91	5	0	106.151	159.407
12.34	3	0	475.943	154.57
2.598	4	0	154.396	153.972
113.9	6	0	117.969	160.187
794.4	14	0	435.829	174.14
125.8	6	0	8.442	163.035
242.9	7	0	391.542	167.111
92.23	5	0	405.307	160.352
359.6	11	0	477.827	166.872
72.96	5	0	487.527	158.912
307.2	9	0	137.156	166.035
266.5	7	0	278.814	167.257
131.2	4	0	371.217	163.374
234.9	8	0	444.402	163.181
330.0	9	0	90.536	169.901
157.6	4	0	169.827	163.989
22.52	4	0	457.719	160.019
28.8	5	1	2.342	161.068
1.299	5	0	152.875	158.266
24.47	5	0	412.505	160.506
186.6	8	0	53.202	165.336
1.732	3	0	468.031	159.511
40.27	5	0	155.269	163.269
523.7	9	0	187.565	171.989
236.0	11	0	462.726	170.408
469.6	8	0	327.381	176.541
256.6	7	0	20.537	168.141
142.9	6	0	115.985	168.691
263.5	5	0	340.257	172.835
9.743	4	0	433.611	164.275
294.9	8	1	493.524	181.354
365.0	7	0	68.881	173.355
153.9	5	0	314.529	173.565
161.7	6	0	32.861	171.038
23.17	6	0	160.526	165.965
51.96	6	0	152.127	167.602
93.75	7	0	405.889	168.04
1.299	4	0	348.958	164.473
46.33	5	1	497.502	169.442
34.21	4	1	1.701	169.344
6.712	4	0	447.266	165.537
86.82	6	0	222.004	170.958
30.74	5	0	106.083	168.488
163.7	5	0	302.212	172.349
121.0	5	0	41.291	174.132
0.433	3	0	447.75	168.009
38.32	6	0	412.531	171.639
310.7	11	0	156.685	180.58
14.94	4	0	398.098	171.517
96.78	5	0	167.864	174.333
84.65	5	0	274.402	175.973
64.3	6	1	4.163	175.827
141.2	8	0	109.209	177.837
389.3	7	0	138.825	184.452
32.91	4	0	147.747	174.168
1.299	3	0	247.333	171.04
280.4	8	0	54.038	182.427
139.6	5	0	250.535	178.223
173.4	6	0	123.378	179.674
282.1	7	0	209.396	181.056
233.4	7	0	294.384	182.048
90.07	6	0	404.28	177.872
45.47	5	0	410.507	177.395
225.4	7	0	482.176	181.61
37.02	4	0	72.06	176.555
73.4	6	0	10.072	179.193
31.61	5	0	396.748	176.69
3.031	4	0	34.589	175.587
129.7	6	0	172.628	182.037
129.3	6	0	271.008	182.959
47.85	5	0	415.889	179.33
168.9	8	0	314.25	185.912
172.6	8	0	21.043	182.987
258.1	6	0	80.192	185.408
155.2	6	0	260.49	184.48
1.516	4	0	225.071	177.04
134.2	7	0	97.245	182.641
2.165	4	0	224.1	177.968
29.88	5	0	284.112	179.512
502.3	7	0	376.315	190.741
3.031	5	0	470.946	178.742
806.1	11	0	37.044	197.755
989.9	9	0	399.043	200.838
1.949	4	0	224.389	179.845
12.99	4	0	471.233	181.1
47.41	6	0	465.516	182.644
27.93	4	1	3.484	182.859
51.1	6	0	71.425	186.091
463.3	9	0	218.831	192.595
249.8	8	0	303.747	194.145
75.34	6	0	449.332	184.503
34.86	4	0	420.435	184.238
23.38	3	0	197.002	184.965
296.2	8	0	243.47	192.022
23.82	4	0	279.634	183.759
320.2	7	0	345.789	194.74
4.98	4	0	164.663	183.955
384.1	9	0	283.782	196.439
86.82	7	0	413.705	188.816
89.2	5	0	13.013	189.501
91.37	6	0	115.274	187.968
100.0	7	0	462.39	188.525
2.382	4	0	103.909	184.07
486.9	8	0	183.995	193.43
39.4	6	0	472.288	187.471
25.98	5	0	106.615	186.611
3.248	5	0	103.867	185.445
96.13	7	0	423.15	191.132
100.0	6	1	4.608	190.695
240.8	8	0	125.939	195.91
6.062	4	0	167.393	186.814
35.94	5	0	148.613	190.805
63.87	4	0	431.43	190.389
10.18	4	0	444.575	188.517
1492.0	17	0	74.48	209.252
7.794	5	0	102.653	189.058
6.062	3	0	233.429	188.268
89.85	7	0	452.69	191.996
266.7	7	0	267.722	199.159
50.23	5	0	476.677	193.519
65.17	6	0	108.339	193.552
56.72	5	0	323.247	193.618
16.89	4	1	498.926	193.496
6.495	3	0	23.325	191.233
129.5	5	0	65.117	196.441
44.17	5	0	153.849	193.453
1.732	3	0	314.313	190.959
64.3	6	0	441.506	194.029
67.12	7	0	469.757	195.294
1.732	3	0	158.594	191.337
205.9	10	0	161.351	199.665
60.62	6	0	484.518	195.221
22.08	6	0	20.022	193.731
6.928	3	0	51.125	194.098
79.89	5	0	334.044	197.363
229.7	6	0	252.15	201.038
16.89	3	0	463.846	194.478
74.48	5	0	55.746	197.062
38.32	4	0	294.27	197.574
59.97	5	0	114.368	198.829
55.86	4	0	417.293	197.749
126.2	7	0	433.235	199.152
63.87	5	0	444.667	200.309
205.2	7	0	21.901	207.309
62.14	6	0	141.424	199.927
149.4	8	0	315.694	201.22
53.26	5	0	362.575	198.559
86.82	6	0	13.486	200.276
131.4	7	0	106.152	203.523
93.75	5	0	149.722	201.154
1.949	4	0	489.083	195.77
16.02	4	0	493.105	195.669
756.7	11	0	205.526	214.054
123.2	7	0	452.117	204.317
118.9	7	0	460.851	200.957
140.5	6	1	5.103	203.212
192.0	9	1	494.517	205.078
11.69	4	0	72.644	198.745
130.3	5	0	228.953	202.367
163.2	6	0	328.305	203.752
88.98	7	0	480.592	201.031
253.5	6	0	421.446	207.213
33.99	5	0	471.406	202.989
202.2	5	0	183.334	207.347
226.2	7	0	120.344	209.231
35.07	4	0	138.923	205.424
524.2	9	0	166.415	216.533
328.2	6	0	375.049	210.233
138.1	8	0	290.884	209.83
252.7	7	0	351.603	209.538
17.54	5	0	277.556	205.804
17.97	4	0	307.006	205.342
186.0	7	0	133.267	214.822
143.8	6	0	435.173	213.023
95.48	6	0	238.913	210.199
230.1	7	0	464.074	213.653
123.0	4	0	482.641	208.892
103.7	6	0	443.834	210.484
140.1	7	0	149.019	211.479
29.88	5	0	473.4	209.117
12.99	3	1	1.033	209.116
323.0	8	0	259.548	214.448
159.3	6	0	311.819	213.397
70.58	6	0	300.201	210.091
64.74	6	0	12.281	211.226
246.2	7	0	227.055	216.87
49.15	4	0	274.289	210.085
171.9	10	0	334.591	213.994
28.58	4	0	102.593	211.176
119.5	5	0	190.03	214.276
146.1	8	0	321.395	218.182
44.6	5	0	110.351	214.499
146.4	8	0	144.02	218.443
43.73	6	0	277.665	214.956
15.59	3	0	327.052	213.866
185.3	7	1	4.7	221.261
311.8	8	0	371.824	221.463
190.5	9	0	448.964	220.802
29.88	5	0	280.621	218.028
483.7	9	0	480.495	223.44
3.681	3	0	17.074	214.189
147.4	7	0	103.518	220.217
20.14	4	0	240.452	214.942
166.5	6	1	495.735	225.374
132.9	6	0	302.441	219.275
223.0	6	0	239.867	223.392
111.9	6	0	15.935	220.283
106.5	7	0	37.377	220.127
134.5	8	0	348.771	220.689
9.526	4	0	358.921	216.251
546.2	10	0	419.675	225.951
10.83	4	0	438.96	216.784
142.9	6	0	289.656	222.344
38.11	4	0	123.134	218.878
30.74	4	0	456.403	219.339
48.28	7	0	116.385	220.404
22.52	4	0	282.704	220.907
12.77	4	0	340.975	219.794
184.9	7	0	394.912	225.054
189.2	5	0	89.318	224.772
980.8	9	1	20.862	238.534
1.949	3	0	183.333	219.393
199.4	7	0	257.26	226.331
71.88	7	0	273.612	222.736
103.7	6	0	61.267	226.245
129.5	7	0	187.603	227.049
225.8	5	0	328.306	229.219
564.4	9	0	361.379	235.251
8.227	3	0	67.414	224.13
23.6	5	0	216.271	224.801
87.04	5	0	109.3	228.174
770.3	13	0	122.786	235.922
27.93	5	0	338.669	224.042
3.681	4	0	367.221	222.034
46.98	5	0	438.228	224.983
48.06	5	0	309.592	226.325
506.2	9	0	291.763	235.717
463.5	10	0	317.337	239.684
37.67	4	0	387.32	227.528
77.51	7	0	459.529	227.271
20.14	4	0	342.833	225.94
56.94	6	0	279.871	228.341
104.8	5	0	42.631	229.725
790.2	8	0	170.725	243.61
76.43	5	0	271.099	229.678
69.93	5	0	462.478	231.678
176.5	6	0	78.627	234.027
169.3	7	0	210.017	234.471
3.248	3	0	74.683	226.235
1.299	3	0	148.125	225.96
107.0	7	0	67.609	232.342
117.3	6	0	101.968	234.1
54.56	5	0	147.91	230.698
155.9	8	0	158.689	233.238
1047.0	11	0	242.948	242.622
83.35	5	0	442.338	231.085
24.68	5	0	143.496	232.626
21.87	4	0	204.215	230.264
1.299	3	0	113.542	227.981
11.04	4	0	266.583	231.067
208.7	9	0	340.878	235.105
157.6	5	0	438.317	241.111
1.516	3	0	452.786	228.631
1068.0	10	0	405.537	256.732
240.8	10	0	450.111	239.332
4.763	3	1	499.727	232.055
254.2	6	0	53.565	238.886
183.2	5	0	380.706	238.611
270.6	6	0	466.599	244.351
212.8	8	0	91.191	239.374
33.77	4	1	1.615	235.564
79.46	5	0	391.247	237.22
8.444	3	0	216.205	234.138
400.5	7	0	194.513	243.376
16.24	5	0	150.483	235.622
155.7	8	0	270.037	241.73
29.44	4	0	263.164	236.358
18.84	4	0	101.606	236.53
387.8	7	0	424.52	249.476
30.31	5	0	475.416	237.245
81.84	5	0	483.121	238.914
146.6	7	0	222.09	241.761
301.2	7	1	492.843	245.548
72.96	5	0	41.151	240.491
588.2	10	0	146.789	251.203
11.47	3	0	152.462	238.549
747.6	12	0	68.423	253.292
11.26	3	0	417.38	241.013
152.4	6	0	476.566	248.227
234.7	9	0	344.205	251.453
59.11	5	0	212.887	245.667
24.47	5	0	98.929	245.185
1032.0	8	0	282.12	261.587
508.8	8	0	382.282	256.413
13.86	3	0	337.641	245.68
73.61	4	0	458.125	248.65
78.16	4	0	354.868	249.656
222.6	5	0	127.549	251.84
114.1	7	0	328.448	251.203
234.7	8	0	39.913	255.951
69.72	4	0	47.004	249.912
30.74	4	0	266.375	249.302
270.0	7	0	93.671	254.147
85.52	5	0	218.464	251.892
577.4	13	0	304.517	265.375
318.7	7	0	441.484	256.869
630.3	8	1	16.867	263.433
53.69	5	0	363.804	251.146
3.681	3	0	90.25	249.084
34.21	4	0	315.204	250.52
319.3	9	0	209.591	261.584
1.949	3	0	299.194	249.945
93.75	5	0	454.047	255.774
184.0	6	0	224.809	259.399
73.61	7	0	113.843	253.976
111.3	5	0	197.476	255.825
402.1	8	0	481.966	264.835
883.6	10	0	170.317	274.48
112.4	7	0	319.437	258.972
11.26	6	1	0.447	258.367
12.56	3	0	314.866	254.141
15.37	3	0	333.909	254.843
175.6	7	0	358.333	260.452
201.8	8	0	370.542	266.432
121.7	7	0	417.126	263.369
128.0	5	1	494.851	261.15
56.29	3	0	98.526	261.452
83.35	8	0	461.337	260.52
2361.0	15	0	95.245	281.143
87.25	6	0	118.156	260.044
142.9	7	0	334.365	262.604
63.87	5	0	235.62	261.562
92.23	5	0	36.33	266.661
64.74	4	0	69.742	262.638
939.6	8	0	252.043	275.685
109.8	7	0	324.488	266.744
105.2	5	0	434.882	264.364
131.9	7	0	132.884	264.039
213.3	8	0	343.682	269.053
112.4	5	0	196.002	264.946
173.2	7	0	468.143	269.915
114.5	6	0	229.312	268.961
77.29	6	0	47.189	268.487
1.299	3	1	0.333	263.705
4.547	5	0	2.536	264.117
49.36	6	0	454.9	267.319
54.56	5	0	362.23	267.591
332.3	9	0	145.282	272.781
180.3	4	1	5.043	274.604
14.72	4	0	41.059	266.608
63.44	5	0	55.525	269.161
4.98	4	0	459.75	266.152
42.0	4	0	429.169	269.528
13.21	5	0	187.664	268.482
62.57	5	0	216.838	273.666
72.75	4	0	236.857	271.911
4.763	4	0	353.511	268.33
730.7	12	0	440.473	284.598
59.54	7	0	352.355	272.88
309.8	7	0	392.442	279.076
14.94	5	0	493.707	270.658
8.227	4	0	66.184	269.927
102.2	5	0	193.315	273.265
122.5	6	0	454.864	276.437
19.92	5	1	498.215	271.165
109.3	5	0	180.607	275.182
16.45	4	0	424.74	272.109
58.02	5	0	223.028	274.45
9.526	5	0	316.943	271.519
54.13	6	0	330.959	272.907
612.3	10	0	205.92	287.259
74.05	5	0	358.587	275.509
177.8	6	0	378.241	279.352
118.2	6	0	312.385	278.864
186.0	7	0	37.522	281.009
4.33	4	0	496.225	272.841
148.5	7	0	45.787	283.233
12.99	4	0	422.184	275.945
68.85	7	1	496.738	278.837
171.3	7	0	26.017	281.892
9.526	5	0	492.602	275.849
11.69	3	0	310.597	275.196
131.6	9	0	323.891	281.032
1.299	3	0	325.875	274.602
54.34	6	0	333.504	278.27
4.98	3	0	372.337	275.453
30.96	4	0	462.42	277.043
181.9	7	0	116.285	283.242
89.42	9	0	359.572	280.597
151.8	8	0	481.698	280.625
22.73	4	0	139.838	277.211
71.66	7	0	185.157	280.945
1.083	3	0	158.0	276.955
47.2	5	0	99.899	280.747
387.5	8	0	229.452	292.53
90.72	5	0	275.721	281.958
192.9	9	0	344.601	285.436
1.299	4	0	351.625	277.345
65.6	4	0	470.177	280.609
28.15	4	0	106.329	279.816
11.91	4	0	173.791	279.695
3.681	4	0	351.059	278.504
229.9	6	1	9.232	286.633
44.82	4	0	315.83	283.134
428.7	10	0	413.26	291.992
541.5	11	0	464.667	293.386
305.9	7	0	374.582	294.5
33.13	4	0	403.172	283.454
179.7	7	0	287.722	288.226
32.69	4	0	335.487	284.395
415.3	9	0	486.642	295.892
6.279	4	0	293.612	283.982
113.7	5	0	181.481	289.472
303.1	9	0	306.897	291.687
26.63	5	0	331.03	286.172
270.6	7	0	99.851	291.418
115.2	5	0	359.841	288.474
72.53	5	0	191.824	291.279
48.06	4	1	497.457	290.204
672.7	8	0	258.058	300.123
140.1	5	0	15.761	294.328
102.0	5	0	221.094	292.573
157.2	5	0	275.879	294.053
90.5	6	0	324.072	291.43
429.3	9	0	387.008	303.88
3.681	3	0	476.897	288.361
124.1	7	0	353.199	295.771
131.9	7	0	370.469	305.017
413.1	9	0	29.236	302.385
63.0	9	0	335.23	291.759
98.73	4	0	429.387	294.554
132.1	5	0	51.896	295.585
247.3	6	0	129.108	296.167
127.5	7	0	158.714	298.558
9.526	3	0	22.602	291.792
329.5	8	0	118.581	302.105
15.8	5	0	398.339	292.272
66.9	5	0	363.859	297.536
257.2	7	0	295.111	301.723
586.7	9	0	184.348	315.092
219.8	8	0	42.537	303.658
3.248	4	0	92.05	293.785
2.382	4	0	92.955	294.212
817.3	10	0	340.796	319.874
24.47	7	0	90.27	299.622
92.88	5	0	239.125	305.081
448.2	8	0	320.884	307.497
55.21	4	1	497.365	298.996
180.1	7	0	171.073	303.282
37.24	5	0	283.77	298.467
126.2	6	0	397.173	303.196
311.3	7	1	7.9	306.661
263.3	5	0	199.239	304.426
72.96	5	0	440.199	300.945
170.0	6	0	63.191	303.492
78.81	5	0	141.797	303.056
163.7	8	0	223.12	306.182
366.3	9	0	429.146	309.934
9.31	4	0	150.686	300.873
80.54	6	0	278.165	305.199
21.43	5	0	360.397	303.043
11.26	5	1	496.577	303.709
501.9	7	0	102.087	310.636
132.9	6	0	351.917	307.316
104.1	7	0	449.049	307.709
255.0	6	0	412.76	309.68
24.68	4	0	51.998	304.085
242.5	10	0	150.067	311.44
18.84	4	0	306.753	304.134
165.6	8	0	476.524	309.814
72.1	7	0	494.324	308.33
78.59	8	0	74.857	307.63
6.712	4	0	346.315	306.447
51.53	6	0	364.737	308.918
4.763	4	0	390.727	305.51
15.37	4	0	160.254	305.853
56.72	4	0	285.833	308.836
25.11	3	0	457.729	307.103
118.9	6	0	210.572	311.697
109.8	6	0	53.077	311.418
24.25	5	0	133.058	310.408
109.8	6	0	302.913	312.061
207.8	7	0	403.212	318.14
306.6	7	0	166.671	318.724
1.299	4	0	216.375	307.511
2.598	4	1	499.75	308.594
759.7	11	0	365.546	328.457
171.9	8	0	443.339	316.036
102.4	7	0	461.485	312.69
235.3	7	0	136.635	318.424
161.9	6	0	17.361	317.581
3.897	3	0	82.028	309.508
86.82	8	0	81.546	312.936
212.6	6	0	253.023	315.295
110.0	6	0	64.958	314.869
144.2	8	0	286.345	314.867
43.95	4	0	331.483	314.794
40.7	5	0	313.458	316.726
33.13	6	1	498.265	315.375
280.6	8	0	214.329	324.783
41.79	5	0	393.851	316.438
4.547	3	1	0.488	313.439
15.59	5	0	73.076	313.934
167.6	5	0	198.392	318.277
99.38	6	0	236.302	316.184
267.6	9	0	270.386	322.812
38.75	5	0	493.155	315.531
32.48	4	0	25.583	315.794
59.76	4	0	125.289	316.151
89.42	5	0	226.214	318.586
51.31	5	0	254.552	318.966
129.9	5	0	468.978	319.421
7.794	4	0	377.556	315.378
15.16	3	0	82.1	316.495
1.949	4	0	488.667	314.848
76.86	5	0	45.142	318.799
25.55	4	0	351.648	317.589
3.464	4	0	451.797	314.882
135.5	7	0	454.402	321.887
405.3	6	1	6.075	332.707
54.99	6	0	29.639	319.061
36.81	5	0	88.385	318.494
398.4	7	0	111.408	325.172
455.3	8	0	305.624	327.857
196.2	6	0	473.74	325.022
179.7	9	0	489.169	323.867
259.8	8	0	56.716	325.069
159.3	7	0	71.302	326.096
727.7	11	0	31.764	337.067
157.2	9	0	416.065	325.966
114.3	7	0	79.522	322.933
31.83	4	0	280.862	320.191
23.82	3	0	410.941	320.532
25.33	5	0	327.231	321.325
113.7	7	0	355.061	324.36
56.08	4	0	162.693	323.776
118.4	5	0	288.385	324.976
215.4	8	0	434.852	331.001
11.91	6	0	497.346	321.264
1.732	4	1	499.625	320.213
23.17	5	0	22.757	322.623
657.7	11	0	155.158	338.259
385.2	6	0	200.484	335.26
382.4	9	0	233.957	331.172
276.0	9	0	91.158	332.042
4.547	4	0	425.107	321.893
77.08	7	0	248.777	325.851
100.9	6	0	387.439	325.331
6.062	4	1	499.554	323.615
283.4	6	0	323.247	330.559
180.1	7	0	398.997	329.928
13.86	4	0	430.984	324.773
23.6	3	0	224.048	325.185
131.6	6	0	424.005	330.758
115.2	7	0	258.557	329.354
38.11	7	0	280.487	328.28
8.011	4	0	444.203	324.596
34.42	6	1	497.516	327.619
2.165	3	0	254.275	324.63
4.763	4	0	446.614	325.035
1.732	4	0	144.031	324.814
410.5	9	0	122.119	338.951
245.3	8	0	459.055	336.261
108.0	6	0	139.361	331.866
85.3	5	0	18.142	333.173
23.38	5	0	133.887	327.506
171.5	7	0	446.058	334.304
3.031	3	0	65.179	327.481
25.11	4	0	483.466	329.172
8.011	4	0	175.77	329.16
86.17	5	0	288.216	333.852
59.97	4	0	53.261	332.302
69.5	7	0	270.563	333.617
64.3	6	0	387.959	333.138
173.9	6	0	184.517	338.058
286.2	7	0	478.567	337.81
46.33	5	0	106.109	333.701
141.6	5	0	80.743	341.303
249.6	6	0	247.729	338.646
19.27	5	0	496.127	333.035
168.9	8	0	72.143	339.6
47.41	5	0	417.048	336.342
1.949	4	1	499.75	332.409
838.5	9	0	52.238	350.337
129.3	8	0	171.443	338.963
391.7	8	0	218.182	347.562
47.41	6	0	279.94	336.898
368.9	7	0	291.964	346.071
62.14	7	0	491.649	338.473
471.1	10	0	405.638	347.631
1.083	4	0	275.75	333.853
1.516	3	0	383.571	334.41
26.63	5	1	497.827	336.775
100.5	5	0	102.277	339.863
32.04	5	0	274.417	337.303
264.6	9	0	383.961	345.89
303.1	10	0	328.557	346.986
46.77	3	0	226.468	342.577
12.34	4	0	269.842	338.555
36.59	4	0	392.521	339.405
261.1	7	0	137.338	346.109
27.71	6	0	265.027	339.847
270.8	7	0	369.36	347.12
57.16	5	0	439.501	342.406
28.36	4	0	109.412	342.583
245.5	6	0	307.095	347.806
221.1	8	0	431.706	346.773
161.1	5	0	181.195	347.538
155.2	4	0	262.026	350.545
5.629	4	0	416.712	340.448
155.0	5	1	496.742	350.708
6.279	3	0	165.5	341.363
161.1	8	0	12.292	347.604
366.8	12	0	273.912	351.955
71.01	5	0	448.396	345.112
170.8	6	0	465.759	348.796
351.4	10	0	83.654	354.633
134.7	6	0	419.637	350.712
47.63	6	0	488.103	347.168
1310.0	16	0	241.447	363.001
307.2	11	0	105.342	354.168
4.98	4	0	340.054	344.998
4.114	3	0	20.579	345.863
11.04	4	0	454.98	347.022
137.9	7	0	340.651	352.547
42.22	6	0	171.924	349.113
311.1	8	0	195.678	354.615
1.299	4	0	340.125	346.049
216.7	7	0	474.929	355.555
13.86	4	0	95.379	351.451
430.6	9	0	343.817	365.878
74.91	4	0	69.835	353.651
150.3	5	0	313.319	357.564
594.3	11	0	449.476	365.148
35.72	4	0	167.255	353.659
136.6	6	0	129.921	354.667
173.2	6	0	388.533	359.105
86.39	5	0	427.053	355.383
184.9	7	0	490.158	360.613
6.495	4	0	120.483	352.213
112.8	6	0	355.09	356.266
229.9	7	1	10.553	359.452
58.89	7	0	23.112	357.111
294.7	8	0	176.702	362.557
2.382	3	1	0.409	354.204
99.16	4	0	319.198	359.714
50.45	6	0	364.806	357.053
34.64	5	0	118.219	357.122
85.95	4	0	478.581	357.603
58.24	5	0	141.566	360.04
29.01	5	0	146.03	357.352
223.4	7	0	158.532	361.354
182.5	7	0	209.849	364.404
179.5	6	0	396.613	366.43
47.85	4	0	461.637	359.544
29.66	4	0	287.827	357.982
43.08	7	0	377.539	358.933
157.6	5	0	93.383	363.197
666.4	8	0	430.631	376.026
72.96	6	0	29.672	361.395
20.14	5	0	131.524	358.344
421.3	10	0	299.09	369.263
77.51	4	1	2.365	367.692
3.248	3	0	380.8	358.073
179.5	6	0	39.343	368.427
209.1	7	0	326.334	367.166
16.24	4	0	333.48	360.059
444.3	9	0	411.688	371.573
4.33	5	0	370.163	359.032
9.526	4	0	374.358	360.788
43.08	5	0	70.06	361.742
37.67	5	0	285.068	362.091
72.75	7	0	124.188	364.197
35.51	6	0	374.105	364.135
112.2	6	0	133.851	364.664
283.6	9	0	149.129	372.325
76.43	5	0	115.613	363.761
49.36	5	0	357.485	364.213
514.0	12	0	365.078	376.388
180.8	7	0	63.699	369.175
117.8	5	0	192.553	367.695
83.35	5	0	201.566	367.265
91.8	6	0	480.855	367.198
150.9	8	0	18.402	369.65
7.361	3	0	275.868	362.839
77.08	7	0	280.183	367.024
27.5	4	0	421.132	365.126
19.05	4	0	26.472	364.243
3.248	3	0	216.233	363.327
82.92	6	0	380.46	368.448
183.8	7	0	467.085	371.336
8.877	5	0	104.567	364.776
105.7	8	0	271.735	369.164
7.361	4	0	372.566	365.144
1.516	4	0	105.179	364.782
247.0	8	0	76.204	376.422
205.2	6	1	494.373	375.208
186.8	5	0	90.917	372.92
97.21	5	0	29.3	371.604
375.9	10	0	119.28	376.65
74.48	6	0	286.374	372.327
1.083	3	0	165.5	367.541
62.79	5	0	135.753	371.571
288.4	8	0	172.904	376.652
42.87	7	0	315.096	371.131
75.13	4	0	352.352	373.104
138.3	5	0	382.868	375.292
45.25	4	0	9.181	372.621
92.02	7	0	50.175	374.149
14.72	4	0	128.647	371.308
3.897	4	0	486.444	370.659
108.5	6	0	478.834	376.169
61.27	4	0	91.14	378.343
5.413	3	0	267.18	372.634
31.83	4	0	311.371	374.995
371.7	7	0	162.158	386.252
3.031	5	0	264.839	372.36
506.2	8	0	196.093	382.872
18.19	4	0	214.128	374.602
27.93	4	0	321.471	376.516
1.732	3	0	57.094	373.203
102.6	7	0	100.997	378.366
30.74	6	0	280.292	376.502
347.1	6	0	112.24	390.3
862.6	14	0	268.908	393.865
259.8	6	1	5.959	385.143
90.72	7	0	58.066	380.828
168.9	5	0	460.269	381.501
13.42	5	0	209.807	375.492
8.444	4	0	274.583	375.333
149.0	5	0	316.675	384.034
449.9	10	0	328.021	389.242
90.28	6	0	41.284	380.934
212.6	7	0	136.099	383.598
441.5	9	0	218.393	388.166
8.444	4	0	283.308	377.254
149.8	7	0	29.372	381.275
570.9	12	0	302.223	392.326
194.9	7	0	390.55	382.259
420.9	7	0	16.117	394.314
104.4	5	0	65.975	383.051
195.7	7	0	404.301	387.572
46.98	5	0	51.963	382.436
1072.0	10	1	480.895	399.131
101.8	5	0	250.97	383.071
13.86	4	0	239.219	380.009
71.23	4	0	233.743	382.981
35.51	5	0	243.152	382.936
110.9	7	0	287.394	386.281
248.3	8	0	48.122	392.724
15.59	5	0	348.295	382.994
246.0	7	0	342.227	393.731
54.13	5	0	145.38	386.871
463.8	9	0	92.891	392.181
23.17	5	0	452.297	386.656
221.5	6	0	442.415	393.219
216.9	6	0	181.611	394.071
86.6	5	0	382.898	389.006
188.1	9	0	29.059	396.072
348.8	10	0	236.349	394.826
14.07	5	0	281.773	389.025
75.99	4	0	362.605	389.249
70.8	3	1	497.082	390.298
167.4	6	0	353.168	395.2
8.011	3	0	411.284	386.879
95.7	6	0	460.515	391.449
164.5	6	0	72.3	393.173
29.66	6	0	415.407	389.355
35.94	6	0	59.509	389.378
9.959	5	0	37.054	389.391
111.7	5	0	252.543	393.969
119.7	6	0	396.159	396.057
52.18	5	0	476.334	393.747
25.33	5	0	49.209	392.221
31.39	4	0	36.326	393.555
46.77	5	0	136.078	395.058
103.5	6	0	141.835	396.894
218.7	8	0	155.748	399.404
59.97	6	0	372.194	392.814
213.9	6	0	122.181	399.955
93.53	4	0	205.88	396.434
491.5	8	0	453.82	407.552
48.28	7	0	285.33	395.385
85.95	4	0	413.934	396.234
504.2	9	0	65.985	412.164
6.712	3	0	288.621	393.469
17.1	3	0	315.155	395.242
313.3	11	0	383.898	401.218
363.7	8	0	424.551	402.292
277.1	10	0	365.141	403.355
91.37	5	0	175.273	401.134
16.24	4	0	165.15	398.863
61.05	6	0	193.073	399.109
217.6	5	1	3.682	411.005
2.382	3	0	374.25	396.679
93.75	6	0	405.842	402.065
34.86	4	0	77.339	400.782
65.6	6	0	36.979	401.843
421.8	10	0	203.229	409.272
292.1	8	0	247.085	406.865
38.11	6	0	284.936	401.42
2.598	4	0	289.833	399.31
143.5	5	0	331.187	404.822
30.31	5	0	51.407	400.803
234.9	6	0	51.715	407.998
33.34	5	0	90.956	401.384
107.8	7	0	131.063	406.011
13.42	4	0	135.673	402.206
105.4	7	0	146.033	405.571
87.69	5	0	264.961	404.087
8.444	3	0	281.577	403.39
37.46	5	0	289.981	403.751
213.5	7	0	172.574	409.362
14.94	5	0	315.518	403.675
44.6	7	0	220.897	403.406
46.98	5	0	100.619	404.787
73.83	5	0	347.673	405.765
109.6	6	0	80.085	409.305
47.63	7	0	187.519	406.424
109.1	4	0	88.743	408.36
19.27	4	0	400.978	406.098
15.37	3	0	21.173	404.879
116.3	5	0	431.249	410.152
26.63	5	0	32.697	406.254
10.18	3	0	194.186	405.475
18.4	4	0	217.821	407.006
68.63	8	0	230.045	407.675
1.516	3	0	227.464	403.753
168.0	9	0	301.206	409.735
2.382	3	0	233.75	405.261
1.083	3	0	29.05	405.56
642.4	12	0	117.92	417.017
94.83	9	0	318.93	409.533
311.1	11	0	281.287	416.3
84.0	6	0	397.269	410.584
450.8	9	0	40.083	423.148
1.516	3	0	164.429	406.661
329.3	9	0	22.41	415.32
71.88	7	0	95.454	411.869
25.33	4	0	222.5	408.845
67.12	4	0	362.205	413.524
45.25	6	0	339.315	410.639
165.0	8	0	409.736	413.746
256.6	9	0	160.144	415.734
199.8	7	0	353.848	416.173
1.083	3	0	375.35	408.504
42.0	5	0	139.58	412.826
254.2	7	0	180.71	420.293
617.5	10	0	378.957	423.455
61.92	6	0	146.45	412.865
49.58	5	0	373.087	413.191
28.36	4	0	390.775	412.46
123.4	6	0	324.44	419.393
59.32	5	0	330.405	414.103
533.5	9	0	217.989	423.306
20.78	4	0	231.685	412.576
634.1	10	0	244.722	424.873
15.37	3	0	309.194	413.747
284.1	8	0	427.628	419.398
321.5	8	0	337.594	424.98
299.6	10	0	309.837	423.186
28.15	5	0	302.25	415.846
3.897	4	1	499.597	414.61
122.1	6	0	444.813	420.391
33.77	4	0	475.97	416.778
307.0	8	0	487.605	421.709
13.21	4	0	98.57	416.495
2.598	4	0	135.958	415.764
84.87	5	0	50.732	421.869
261.8	8	0	83.024	423.919
117.6	7	0	398.254	422.464
46.98	5	0	138.161	419.843
110.9	5	0	8.577	423.867
49.8	4	0	281.37	420.858
11.04	3	0	319.838	417.551
268.5	6	0	467.981	426.614
67.98	5	0	90.22	426.981
704.1	12	0	143.228	438.032
35.07	4	0	267.395	420.07
411.4	7	0	193.902	429.118
47.63	5	1	498.336	426.427
5.196	4	0	149.615	418.489
72.75	5	0	404.612	425.226
39.84	6	0	290.749	420.138
216.5	6	0	351.435	428.883
242.9	6	0	158.443	429.127
46.98	5	0	411.063	423.118
145.7	6	0	452.275	428.243
380.4	7	0	100.872	430.86
8.011	4	0	293.858	421.93
1.516	4	0	498.286	420.765
109.6	7	0	285.178	427.476
60.19	4	0	169.964	427.371
24.68	5	0	293.687	425.45
141.2	5	0	433.305	428.044
57.81	7	0	298.339	426.668
210.4	7	0	264.469	431.822
326.1	8	0	23.14	432.704
50.88	6	0	441.178	429.79
142.7	5	0	54.471	433.292
198.3	5	0	68.355	431.895
122.5	5	0	123.031	431.507
169.5	6	0	323.454	432.32
39.84	5	0	409.008	430.241
77.73	5	0	415.667	431.808
7.578	4	0	112.736	429.759
60.62	4	0	385.275	430.844
129.3	5	0	477.966	434.846
448.6	8	1	7.9	445.101
24.25	5	0	275.531	430.523
17.32	5	0	291.603	430.918
171.0	6	0	489.977	436.426
97.86	6	0	424.621	434.183
224.1	9	0	303.239	438.46
487.1	9	0	252.544	449.599
337.1	8	0	177.418	441.996
115.2	5	0	206.65	439.01
14.51	4	0	294.81	433.058
572.9	11	0	458.368	447.098
257.0	9	0	437.477	440.599
327.4	7	0	223.113	441.822
281.2	8	0	363.094	441.704
714.5	9	0	111.907	447.824
184.0	7	0	284.217	437.175
397.1	9	0	384.689	441.276
4.33	4	0	497.275	433.446
16.89	5	0	314.176	435.75
399.0	10	0	342.966	446.391
23.6	6	0	399.835	435.38
161.5	6	1	496.013	446.615
34.42	3	0	37.237	436.85
289.3	9	0	411.282	443.615
51.31	4	0	130.142	439.366
239.9	7	0	70.643	442.408
193.8	7	0	269.201	444.934
99.81	6	0	86.233	440.857
29.88	5	0	322.1	438.651
5.196	4	0	453.031	437.072
17.75	3	0	16.86	440.268
59.54	6	0	422.652	442.405
43.52	3	0	242.944	440.947
3.031	3	0	353.107	438.209
59.54	5	0	162.516	441.248
76.43	6	0	234.939	444.383
46.77	4	0	453.58	441.366
40.05	4	0	187.868	442.858
71.23	6	0	317.869	443.979
24.47	5	0	328.637	440.286
561.2	11	0	40.473	448.787
105.7	6	0	328.698	445.364
152.2	6	0	197.467	446.583
184.5	7	0	480.55	446.73
344.2	8	0	286.874	449.845
93.31	4	0	309.816	446.662
226.7	7	0	396.754	451.815
62.14	6	0	19.728	447.865
28.36	5	0	130.945	445.134
477.2	8	0	170.059	458.433
52.61	5	0	207.787	448.4
102.6	6	0	89.837	450.182
85.09	4	0	155.84	449.969
300.9	7	0	236.223	459.031
9.959	5	0	82.147	448.197
314.4	8	0	70.17	455.938
3.031	3	0	426.232	447.395
196.8	6	0	62.43	463.79
256.6	8	0	215.521	457.298
16.24	3	0	355.137	448.584
60.84	6	0	189.95	452.022
471.6	10	0	426.972	464.247
165.4	7	0	320.149	455.298
22.52	3	0	386.154	450.716
193.3	6	0	307.132	459.195
48.28	3	0	260.83	452.76
129.9	6	0	359.408	455.239
56.94	4	0	475.266	454.291
95.26	5	0	370.349	454.199
122.8	6	0	84.03	458.207
43.95	5	0	228.287	454.116
68.42	5	0	409.85	454.677
38.75	4	1	1.742	456.224
15.8	5	0	16.127	453.839
106.7	5	0	52.751	459.01
139.9	6	0	489.179	457.706
12.34	5	0	20.86	453.752
51.31	4	0	19.496	457.956
224.5	7	0	379.743	460.035
40.27	4	0	419.368	455.087
247.5	6	0	443.132	460.484
365.5	8	0	269.452	463.177
103.1	7	0	200.449	457.247
501.9	9	0	331.929	470.748
406.2	6	0	349.07	467.406
105.4	5	0	126.319	458.103
576.1	9	0	151.768	467.978
170.0	5	0	186.986	462.828
211.1	9	0	299.278	464.287
406.6	8	0	30.348	466.285
118.9	5	0	455.219	462.1
599.1	11	0	95.631	470.231
26.2	4	0	291.234	458.367
67.55	6	0	479.747	461.747
6.062	3	0	78.875	459.117
78.38	5	0	136.217	460.283
46.55	5	0	286.865	461.543
365.9	9	0	408.964	468.736
53.91	6	0	471.914	461.505
1.516	4	0	498.393	457.942
39.4	4	0	224.464	462.858
57.37	8	0	14.319	466.062
21.87	5	1	499.04	462.826
273.2	7	0	388.843	470.469
200.7	6	0	393.573	478.315
287.7	10	0	365.55	472.143
157.6	6	1	4.776	469.079
38.97	4	0	203.708	463.824
269.6	10	1	489.287	470.084
157.0	6	0	114.995	467.981
298.8	10	0	195.985	473.819
30.96	5	0	312.028	464.171
701.3	11	1	465.932	481.254
138.8	5	0	210.307	469.742
372.0	7	0	249.627	473.224
6.495	4	0	41.167	464.045
192.9	7	0	127.414	469.593
75.99	5	0	318.751	466.958
301.2	7	0	50.529	473.103
214.6	7	0	279.255	474.52
102.6	7	0	76.919	470.07
73.18	5	0	289.35	468.281
51.31	4	0	475.689	469.425
172.3	7	0	223.874	473.173
55.86	4	0	437.162	471.539
1.299	3	0	498.375	467.004
37.67	4	0	377.03	469.508
13.64	4	0	314.278	470.527
248.3	6	0	448.62	477.181
37.02	6	0	11.401	473.832
125.4	7	0	22.342	476.076
17.75	5	0	374.61	472.343
427.4	7	0	175.719	481.898
21.0	4	0	184.214	472.881
95.05	6	0	314.735	474.922
279.7	7	0	141.034	482.09
171.5	6	0	233.581	480.397
136.0	7	0	291.643	478.431
61.92	4	1	496.718	478.581
201.6	8	0	116.442	482.79
547.5	8	1	38.424	488.86
17.97	4	0	71.75	475.464
35.29	7	0	300.328	476.548
353.6	8	0	67.425	485.35
36.37	5	0	77.336	477.356
16.45	5	0	123.059	477.055
313.1	9	1	413.347	489.443
155.2	6	0	210.578	480.986
91.8	6	0	381.097	481.616
45.03	5	0	265.406	479.27
298.1	9	1	487.865	488.521
118.2	8	1	7.339	481.793
155.2	8	0	312.388	482.067
82.92	6	0	433.263	480.412
5.846	3	1	0.5	478.559
4.98	3	0	17.196	478.159
94.18	5	0	400.855	482.909
31.61	5	0	15.156	480.754
152.9	7	0	355.948	485.12
27.06	5	0	243.504	481.836
14.51	4	0	303.631	481.168
3.464	5	0	128.469	478.317
62.79	5	0	344.113	483.168
84.44	5	0	79.698	487.032
110.0	5	0	102.573	484.789
266.7	7	1	130.351	490.655
98.29	6	0	274.839	484.284
1.949	4	0	123.583	480.019
4.33	3	0	301.413	480.536
207.2	7	0	154.245	488.646
96.99	5	0	260.677	484.095
25.76	4	0	217.899	484.974
75.34	6	0	225.0	485.852
22.3	5	0	370.82	482.191
92.66	7	0	422.013	487.167
55.21	5	0	376.839	485.64
214.1	7	1	442.066	490.911
14.51	4	0	109.112	483.94
31.39	7	0	298.85	483.837
193.6	7	0	19.044	489.993
232.1	8	1	326.898	489.932
51.1	5	1	498.27	489.35
305.3	7	1	89.762	492.173
64.95	5	0	185.431	489.456
32.26	5	0	368.0	485.189
29.88	4	0	479.439	486.801
212.4	7	1	204.278	492.526
30.09	7	0	284.666	485.909
5.413	3	0	405.61	485.095
13.42	4	0	363.383	486.238
4.763	3	1	0.557	485.703
41.35	4	0	163.825	488.643
152.6	6	1	192.195	492.37
486.9	7	1	234.035	493.326
35.29	4	0	292.391	486.794
302.9	7	1	296.853	493.341
99.38	5	0	431.898	488.844
46.12	6	0	110.556	490.386
241.4	8	1	263.181	493.288
174.5	7	0	343.848	492.627
161.9	7	1	6.422	493.759
186.6	8	1	369.361	493.765
90.72	6	0	397.405	492.273
79.02	6	1	59.69	494.136
49.58	5	0	276.566	491.679
90.93	5	1	311.944	493.753
122.8	9	1	384.163	494.867
20.78	5	0	212.576	492.981
34.21	4	0	105.495	492.568
56.72	5	1	281.613	495.346
94.18	4	1	451.483	496.04
3.031	4	0	425.429	491.655
80.76	6	1	476.733	495.834
179.9	6	1	168.375	496.618
72.53	3	1	51.97	496.51
107.4	5	1	117.462	496.301
83.57	3	1	321.647	497.048
82.71	5	1	356.1	496.049
7.145	5	0	425.053	493.254
68.63	6	1	428.347	496.744
42.44	5	1	142.453	496.584
1.732	4	0	422.813	493.634
9.526	4	0	146.523	495.209
54.13	5	1	103.823	497.567
30.74	3	1	252.537	497.87
33.77	4	1	67.186	497.837
36.16	4	1	402.296	497.949
21.0	5	1	496.624	498.018
24.25	5	1	393.844	498.212
9.743	3	1	492.806	498.109
16.67	5	1	75.01	498.42
22.08	4	1	275.934	498.181
4.33	4	1	499.013	497.12
19.05	4	1	149.236	498.53
15.37	4	1	184.215	498.605
9.959	3	1	377.342	498.633
3.464	3	1	0.531	498.777
11.04	4	1	16.353	498.457
26.85	3	1	340.643	498.785
13.21	4	1	459.689	498.76
11.91	4	1	21.0	499.004
3.464	3	1	195.672	499.453
1.732	3	1	480.438	499.588
1.299	3	1	348.25	499.697
1.299	3	1	388.25	499.697
1.299	4	1	471.75	499.697
