volume
4468
1896
4972
1168
800
1164
960
2416
20
2928
1040
220
80
3676
752
1492
5604
11088
3056
5360
620
3376
24
1996
1596
952
484
2000
288
308
2484
988
380
1056
3132
68
608
9788
5700
712
1764
2080
372
1440
28
1080
2024
1312
140
1320
4964
2560
232
596
528
5672
5508
204
1096
1132
656
1196
28
6104
3652
1936
72
1832
2520
144
1156
4056
752
2528
72
504
2324
400
420
16952
7724
752
440
12
96
3264
2260
12
888
756
17748
2180
44
3576
108
216
1020
340
1652
16
1008
20124
5092
1948
192
4212
1332
1268
452
4216
6840
2236
2636
17524
24
1632
1236
29192
1020
224
708
876
792
20352
1328
48
16
36
11072
6360
5532
16220
3336
1664
2048
196
380
748
7328
4636
9680
6448
2736
4668
980
2248
1784
708
560
280
11848
3032
4152
5224
160
1004
1488
16
1484
312
1648
416
6920
680
1368
200
592
3424
6676
8620
1424
1168
2976
444
936
52
12
8528
788
2408
1144
7840
5260
1240
96
1852
116
940
3544
1348
40
3080
3176
12
252
2056
200
6096
23960
1908
476
272
596
1300
5160
392
504
2636
164
404
292
2048
1228
1700
2336
84
6796
1552
8496
320
344
936
6924
2680
1520
16
516
72
12
920
1460
468
8920
2008
772
276
1744
1060
436
1392
3256
4836
68
1040
372
772
184
40
4984
1620
8052
204
60
1068
648
420
428
2556
14828
620
9136
192
2348
580
436
456
260
612
1648
1832
1016
4704
3432
1380
104
428
424
216
2148
972
2328
268
488
1280
2364
2532
2180
4280
1212
2216
6144
556
272
3392
480
1316
3056
580
12
160
628
1216
22556
440
136
2296
5672
872
11404
904
424
352
100
832
2832
2244
532
1888
1880
1940
24
500
684
1136
2220
88
3196
1152
5040
2372
2024
188
28
1216
1468
292
216
40
1208
12
1768
184
16
1596
508
408
156
10896
5548
24
6716
1816
336
972
352
500
2728
676
2104
1280
8128
320
64
1704
752
60
3272
1152
396
4744
2768
136
224
1736
2520
988
568
980
6400
1020
4216
1064
12
716
284
324
24756
224
1660
612
19848
276
14504
444
148
436
188
932
1948
8520
2480
5924
568
3528
1668
6688
304
624
7760
648
6696
2344
2244
212
1888
20552
1672
5320
172
896
600
13932
6636
160
6900
1404
12
16
2432
416
10056
384
4672
4488
632
22844
212
352
208
11496
792
540
280
1416
1740
3676
12316
10416
2944
1496
724
3712
328
152
1712
664
328
37952
532
6360
3192
976
1460
24
1752
332
1020
612
420
2820
200
5240
12
16
40
76
1740
1720
12
164
2052
724
3256
9156
112
764
3496
372
1536
92
6936
1832
3220
868
8564
176
184
64
1528
1176
152
2092
1256
936
1384
172
392
408
868
612
1076
1136
32
1432
2108
1440
14388
10236
1244
1384
356
1988
17396
696
1352
1116
404
24
348
3560
56
508
560
5016
704
156
6836
2196
360
2032
1284
1880
1300
2916
1164
448
56
2576
128
7196
276
332
2488
1292
144
500
6604
400
440
804
2956
572
3080
616
1816
932
360
9628
6072
368
9968
18860
344
472
2232
496
1940
400
1772
2288
19272
16940
1976
1396
100
692
444
14404
24
204
360
2832
172
3292
436
552
1772
3920
3348
284
212
13844
292
1192
1716
728
10256
616
56
2496
1808
204
10892
432
952
1652
496
292
4900
1388
176
3448
180
1624
880
24
1464
252
1756
1192
2368
1500
1308
1288
1696
220
248
128
968
384
5088
1100
632
172
180
68
1412
7428
2492
4116
13872
68
548
1884
3412
128
2364
924
1388
268
13308
2088
236
28
1448
880
1744
12876
23120
3072
21888
832
196
5864
204
10440
648
3232
848
3692
296
984
22060
1924
1544
236
2868
26632
2328
3396
1644
8596
58768
444
100
2016
32
1680
352
1284
1000
780
12
2460
496
3356
892
316
12
2916
1468
1568
384
28
2552
8060
1684
644
13968
7992
1152
40
560
136
4880
60
8816
2808
21244
11056
1996
684
140
4392
196
1300
5756
16
164
120
316
172
1708
448
820
556
2136
8524
612
64
16
8304
1040
28
1140
296
680
384
4880
4256
316
3772
64
3652
828
5040
896
64
828
840
1200
4560
7896
452
232
212
880
1484
2488
20448
192
5640
12
1964
44
500
152
1136
3016
2612
324
5468
96
1592
1712
21448
1536
6852
14532
1392
3320
2756
1112
828
720
4888
1524
1372
2176
52
808
2308
5392
2852
1992
720
2152
2752
160
68
1376
232
1656
80
460
1072
160
1392
6660
8768
8964
13696
920
1660
4384
60
6672
932
21252
4044
2496
380
3976
16944
92
3304
328
848
5716
376
2376
2052
584
148
6392
7396
488
668
2100
840
1160
2424
432
588
1432
3460
16
1540
1324
10612
1176
1500
528
720
2684
6732
4464
6688
728
268
2920
372
132
256
224
3920
2188
1520
56
956
288
116
4804
312
6588
468
7660
6476
12980
1908
1456
132
3160
5144
276
2044
1972
104
2168
528
1964
552
5432
576
804
20
584
2520
804
480
2956
24
2376
1584
380
2148
272
268
1228
300
3772
1232
1320
2868
120
88
3848
136
13528
924
320
892
13588
16
620
2132
360
3912
2528
228
1792
992
1912
384
21036
1156
13280
416
2072
24
344
344
68
3612
2116
308
1144
564
1924
16
20
328
2416
676
40
896
4508
684
804
1192
5828
12
5280
128
32
656
4540
16224
144
9620
16
760
1168
1016
812
5220
5700
2072
152
1408
1808
3996
516
988
280
516
180
3620
360
136
304
44
284
668
16
1588
348
1728
23828
2780
392
12
88
1528
6556
3464
808
3160
4912
864
2140
300
24
6932
1192
1088
840
532
472
1164
4072
10596
1200
532
12
3296
1136
36
17448
9244
3192
52
1556
2356
1108
2376
128
2120
452
7452
3552
132
92
544
200
288
6568
1876
3736
2372
292
16
12872
252
1160
1032
1244
2232
388
676
4280
636
736
140
960
2692
9556
220
596
12
700
464
1352
44
1960
3292
2948
7464
876
6024
616
2792
992
1100
948
2272
12
748
576
1408
1580
3872
12092
2972
3440
620
52
8444
5672
20
1424
8728
1608
708
96
260
13872
676
24
1852
268
1148
532
5660
2840
188
2536
732
632
776
748
3892
2296
4604
20
16
368
1236
1824
620
948
720
3196
5284
1300
1000
16
1020
3132
1500
3908
456
76
2192
360
860
860
2744
196
672
948
8112
152
64
4168
724
112
200
944
68
420
292
6556
132
1952
936
4552
6184
80
236
1740
1860
12
2396
372
3452
1260
7340
388
392
1448
784
1772
128
16
25012
2876
1440
7084
4108
1876
540
1048
196
840
2316
7936
12
936
5752
292
764
2936
2988
11480
12
172
548
628
104
4496
1220
20
464
444
24184
1164
3884
196
4900
692
692
4972
256
692
4180
2540
4324
904
608
608
612
204
336
688
2784
3420
5468
1648
2624
2880
1028
376
484
4508
480
2952
104
4428
692
5920
32
6064
1156
3748
2372
220
284
6564
628
88
364
464
7640
1020
532
1116
548
6576
3620
1084
3288
672
1008
1736
3944
404
1196
3404
14500
2304
488
2640
1336
56776
36
140
196
1968
176
8832
1220
12
4972
364
5088
3316
4164
2736
3468
776
108
1240
184
12
64
556
16
40
532
16700
1628
2348
1324
1628
5228
716
19628
1728
12
212
32
7256
4024
3880
8084
1784
1152
2196
492
1224
1700
12
6112
3628
2112
1808
24
12
2076
720
1432
476
1388
1324
2664
520
244
1868
16
472
11436
1052
36
1468
568
3372
10264
720
784
4692
108
3976
672
224
4220
1380
272
1624
4104
9972
196
556
92
9720
376
1336
752
728
6008
456
10288
1968
12584
1232
3964
10764
2428
828
8116
2940
2172
1748
12
3716
20
388
1268
284
1132
2396
7156
108
512
2668
3676
12
4372
13320
948
252
1512
664
4992
728
648
1640
200
6900
1720
1316
832
2464
252
12224
1160
1036
1004
1200
152
332
1412
1640
28
25316
3192
220
1824
484
1940
92
11380
104
25836
1572
508
368
528
2584
504
20928
360
1352
2084
492
488
260
14144
4576
12044
608
236
204
888
980
716
2912
2052
1612
612
104
2688
792
916
712
508
300
2092
664
468
2788
6300
1476
10740
688
12
464
200
628
328
2516
180
84
5112
4944
844
260
380
5648
152
432
6036
3496
248
5128
1860
2412
1924
380
24
516
1832
876
2028
820
568
304
324
9176
820
760
5956
2544
2948
11120
15064
5800
9156
456
6184
760
916
800
772
240
608
200
12
5224
224
2148
16
660
2640
20996
32
712
3020
1520
1768
2396
17936
2060
2420
6600
444
1696
4364
656
740
3700
1956
144
16
1952
2656
10080
852
104
1312
816
1396
6392
292
148
2852
452
396
16
2764
88
4844
12
19432
16
3156
20424
1176
916
9064
428
3020
3040
8308
1388
2544
20
3584
3780
1632
20
1692
360
12
1108
2512
2816
2216
1252
5876
424
280
5760
3912
1396
1376
7096
2136
4424
1380
2944
1368
4292
28
140
748
108
1760
2788
144
628
32
5796
1788
1072
576
6800
2708
1380
352
1264
3536
228
3548
52
992
2080
228
800
3048
172
13352
364
15608
2496
2812
712
348
408
736
1468
740
776
2024
88
764
552
144
4012
1900
11368
812
3664
4552
52
136
1536
4144
2904
764
308
1664
3164
504
180
7360
1040
8592
820
2776
32
1972
504
776
16
1608
30896
224
17808
4356
172
228
1740
684
968
692
336
2652
668
2320
404
840
208
264
2520
860
1480
12176
8884
2868
6224
4124
188
11492
372
304
420
1036
2552
20
216
200
1076
1412
16
3556
668
84
432
608
3124
292
656
5332
4696
3852
6944
140
2496
1316
944
220
1840
7468
516
132
900
1176
3428
344
32
10088
2308
51140
76
820
620
980
3360
112
1588
208
660
848
124
10608
4088
1324
16
1616
1064
280
944
9508
2184
4460
1248
7240
5316
880
1220
1844
5212
1052
116
3076
2600
1340
72
18832
6728
2264
6380
680
96
4536
612
1276
140
568
3932
792
248
1436
6264
4216
208
12
264
1672
832
284
3920
128
4720
584
864
632
3984
5052
1072
5080
632
3632
5688
10408
40
3248
784
276
2932
328
344
1220
12
48
2112
220
72
2640
352
476
5164
4368
9560
328
2188
6264
380
160
616
524
36
208
664
1072
464
1016
4520
860
9120
432
316
16
2648
16
6720
40
528
180
2932
2648
3096
148
7952
4688
7552
504
728
2376
292
4716
3104
5956
1388
452
2220
10356
464
852
13180
2708
54288
16
984
3992
960
1324
740
60
708
2516
528
2696
76
1028
1436
812
428
3408
476
14924
5108
19476
1428
792
5112
40
372
5348
252
5988
14740
896
428
2372
11536
1376
12
508
1128
22276
3140
192
220
4216
12208
268
2332
3864
6208
1680
624
3076
5540
528
400
1528
76
636
80
308
1460
148
16
92
416
264
16576
2676
240
344
428
1548
804
12
568
18084
1012
2468
1372
968
104
88
9324
932
24
7124
832
12
2840
5696
544
1660
156
1476
852
1308
4180
912
2296
3496
5628
18000
20
1028
932
3660
156
796
1036
12
372
1528
848
1916
1628
2516
148
128
860
1084
88
84
6308
20
12
348
176
360
344
1424
896
236
1728
348
5304
572
1052
980
5040
1512
4860
720
656
2544
1516
3480
532
5920
2336
48
60
140
5600
1084
2328
8880
4736
808
296
5880
1732
2440
3588
6468
56
1584
892
2016
1156
5248
12
1372
28
876
932
5700
840
4304
1196
1468
20
172
1216
684
268
1728
1700
3800
2096
684
4104
1992
4140
400
4604
2516
320
1048
7472
692
520
2116
3464
392
21268
2036
112
216
580
1152
2716
12
724
200
3788
8640
40
76
916
6916
2308
2780
3952
8516
2532
1712
20
6420
1512
416
536
628
12
32
304
368
588
160
12356
4252
1808
236
264
16
232
120
288
8580
1452
996
464
404
1596
960
268
1240
27340
16
1248
5472
1876
344
292
20
2132
736
5472
100
84
12
7380
19136
1448
1008
21804
37660
412
684
9280
12296
3324
11080
2100
3264
316
1812
1520
556
3752
276
2624
340
1236
624
32
144
868
116
16
132
1560
1824
1716
12
656
232
6640
4976
992
544
680
512
13144
536
980
84
204
1720
1036
10700
1628
44
1480
1984
1788
656
24
4952
964
596
3268
548
21772
2612
760
772
736
92
8576
2512
1612
460
768
940
2932
13852
5872
10188
608
328
764
1880
2452
16
10292
2708
112
704
2100
36
876
1872
388
520
1224
676
6104
208
2836
1116
20
100
820
1996
144
3036
1008
5228
9888
1560
660
4952
772
9304
1188
524
14328
824
1912
220
1212
1224
108
2864
456
1996
540
132
1012
3964
496
108
1044
368
2744
8968
4452
104
6836
5644
228
648
6680
108
12
16248
3048
1288
8580
304
680
2608
592
7640
940
2980
156
300
164
13228
216
3980
192
2408
184
4072
2508
276
500
412
224
1576
12
1396
5644
1164
12304
52
764
388
3248
508
12
96
5984
49984
60
152
704
3092
2384
200
1964
120
2784
404
3048
16
4856
552
336
3724
288
272
1896
3512
944
2300
3040
5928
1568
1048
12
1780
16
16
6864
1500
6180
12
20
168
3508
1448
1812
40
1960
400
1600
2968
5284
1236
11168
564
900
488
1448
1484
856
4088
56
60
2304
908
272
4640
32
2564
1172
980
4728
2116
600
1748
992
52
832
3200
132
4844
5700
5240
1924
264
44
1528
84
1272
304
11932
44
868
820
140
64
680
16
3192
1820
160
708
596
2844
1604
5672
2752
12
772
748
656
788
996
8860
16
4328
9100
264
592
1356
2476
308
500
2940
1936
212
32
468
1376
144
1320
596
148
436
1236
196
20
456
9516
1116
21312
22948
404
4592
12
4092
144
2044
1856
1564
248
52
2120
352
40
640
1980
756
172
3996
656
608
156
104
3436
8516
4148
956
8832
752
1804
452
736
2660
1280
2392
5120
2432
76
2896
1452
24136
1580
952
12
12
2492
14372
536
324
2152
12
136
384
8244
7072
324
472
1436
340
140
792
332
1272
288
284
21564
2296
724
2736
1604
512
2980
3260
680
584
1020
11776
828
16324
4084
1664
76
664
148
124
568
288
7432
104
3572
968
4808
4204
20
3976
1452
248
1532
1876
4344
72
700
2664
16
836
20
820
4496
656
192
3884
15152
204
1276
2484
700
1900
5264
1264
10244
1488
2408
14892
2476
456
3160
172
12
4108
1608
284
4568
14540
1932
2620
4776
916
540
9220
2524
396
2116
1352
296
5936
1164
16
8964
1280
1928
124
1860
1564
28
3356
3444
756
7520
5740
304
5772
1296
1728
428
500
5220
1788
912
696
504
1184
3484
7348
624
2856
68
3672
376
12
3888
10532
2724
8368
244
1700
104
2920
1452
44
6956
1468
44
364
428
12028
312
304
5108
56
11252
1316
10656
188
156
1056
32
2100
1416
784
6332
16
12740
5428
896
1796
548
2132
1440
3636
1376
10072
4560
2808
5660
1052
328
104
1656
320
384
848
892
628
2092
1352
10120
16468
11756
80
1200
100
1800
5380
2160
492
948
332
12532
10492
244
964
10496
420
404
880
52
656
8308
892
200
4976
352
3428
1336
700
1880
16036
2908
2480
2568
244
584
184
7160
1728
1016
12
388
916
140
656
1748
452
2264
160
4320
1992
11984
676
1456
6688
500
4792
1424
3268
28
608
2984
2676
1936
328
3404
120
4568
132
208
1348
1484
304
14440
2636
2832
1204
17024
388
24712
996
2180
7160
28
996
1888
18036
5492
224
26296
38932
4612
10040
84
12
27976
52
120
4576
5908
12
1208
2752
120
9260
3652
2832
5960
10736
244
572
6596
2452
252
1068
29984
532
2600
1152
1116
4932
172
348
528
196
2344
2632
1632
2572
148
6472
12380
436
288
564
16
2692
2164
1924
1588
208
496
808
484
40
1096
344
2232
2060
188
152
6044
2444
180
928
1248
204
3996
3576
296
276
6644
20
2032
1256
320
3964
1752
844
6376
28
1336
44
324
1488
4828
268
3184
464
13644
1488
204
60
416
1576
1128
1504
1756
4640
5552
916
10956
236
4832
896
3464
3040
1360
1280
6776
1764
9592
4828
1884
880
428
1524
2348
1308
6444
1216
3532
2868
264
12332
4888
404
152
2556
348
3408
908
16
4104
912
1484
32
3248
5640
2048
8116
4640
3888
3300
1336
384
1272
2492
1292
7120
6292
176
164
4592
496
3972
6920
3472
4092
36
900
632
376
1556
2808
3468
12
2080
132
376
4000
1760
1160
700
408
2668
9804
1180
1520
10256
7440
2436
200
496
9828
212
1264
4636
60
36
2872
1760
4132
96
312
1480
396
6772
372
45092
4320
4468
604
10628
564
692
964
1256
5980
452
96
100
3644
1572
68
2080
808
3032
2396
1744
2948
8356
2336
52
632
1324
1896
292
844
28
2652
1204
12612
812
868
2020
3352
192
940
2468
3140
64
868
504
96
2252
2172
8324
1096
4244
16
1244
8392
100
12544
484
2068
4316
1708
956
3076
12
4880
13744
18468
1320
188
760
2876
180
4100
6980
1984
172
776
12
4200
5456
3228
1064
780
1592
12
9892
1504
6544
176
10716
1252
16832
3656
192
3448
348
128
1024
1200
1436
440
632
2668
400
2244
552
2360
164
720
332
4348
2912
2584
1492
392
356
1648
1540
5584
15432
148
532
724
296
4588
300
420
88
2652
4188
10076
348
2056
3148
1384
96
2052
412
452
2760
96
2988
1444
7528
668
64
12
112
1676
160
1724
1924
28
8968
308
756
4252
588
1292
24
860
5620
2256
1296
2100
1580
24
1464
1980
908
1992
2076
11420
212
168
188
204
1004
496
2268
428
2024
2240
2820
948
1196
1276
524
4016
32
2924
344
3800
4412
2116
288
3048
2744
8144
12
1532
11608
936
400
3892
4460
1908
348
6448
1816
196
5968
796
1360
688
2016
84
1228
876
304
964
1716
124
3732
3172
2996
1356
700
364
1016
20
1332
18496
2076
752
212
1968
920
2876
2644
304
960
16
20
2796
552
3444
8444
2140
4312
76
3308
332
3152
328
3168
3108
1380
12756
1328
412
184
992
184
424
1056
536
3028
412
4740
124
572
5352
1488
420
3152
636
48
3508
2668
1704
4248
156
4652
20
896
2420
300
164
2912
928
3016
228
4856
860
1072
228
196
1188
844
7656
21440
148
268
1620
672
492
1652
14816
6920
1188
1196
6112
31472
688
264
76
7604
300
324
412
1268
3604
76
1724
2772
128
2464
168
2672
1236
2004
76
8444
168
1264
208
152
336
244
836
16
2376
796
28
284
3172
10948
14148
40
2024
9808
20128
100
436
336
2732
5912
908
16
844
40
2720
15720
44
860
12
1716
2452
1356
4864
420
116
1444
1564
4024
76
84
1376
1316
2544
88
132
2196
388
432
84
792
556
552
372
688
1608
468
5524
4796
5352
356
1372
500
528
36
3612
224
4272
3256
3544
9044
3200
16
16
5140
44
176
248
576
248
10636
13264
640
208
1008
4144
772
3620
1912
84
5924
916
420
312
972
156
220
968
1956
1432
220
1884
76
3116
124
420
48
356
468
11652
4752
944
1644
160
24
2740
28
4140
3800
5252
4720
1220
2168
3880
4208
120
24
2632
3600
4284
572
816
312
392
3492
812
4028
5568
2768
2232
29196
1428
1008
2376
980
20
4748
436
128
888
1044
312
348
4924
8208
2492
164
2532
3508
1932
4484
188
5536
152
268
1196
1836
25512
280
860
880
980
416
26612
404
44
552
996
1928
228
7204
4824
12420
9576
16
2608
2420
3528
692
584
1344
2132
4040
3608
984
16740
264
9792
1448
1984
2032
992
3388
2428
292
300
504
688
16
160
12
1356
264
1640
4248
2384
9688
1612
20572
2172
60
29848
20
108
588
28
6992
816
920
440
7860
7588
1336
244
32
1044
4356
152
12
152
192
2512
44
1748
816
3324
2716
444
316
1124
12200
628
720
728
584
740
2308
204
4008
1032
144
220
192
3636
1076
2716
1248
6060
576
760
988
2288
16
832
9708
1776
2628
276
536
6264
4748
604
3600
18048
4940
2956
11432
252
1484
1576
108
340
144
692
2568
568
484
1024
1452
788
1116
208
2420
988
44
440
5580
148
1388
24
260
196
10356
1192
6244
672
112
532
328
5564
3620
12
1216
464
428
10668
4160
500
7156
256
10660
1460
5336
148
8352
1636
1276
344
1428
936
6460
84
11552
92
88
2124
516
1452
16
1356
536
7820
364
436
1336
13468
1952
308
168
4352
9616
6768
36
748
880
2844
1792
228
92
1264
11660
96
360
20884
16
448
4312
132
160
40
68
1216
236
14008
120
1152
992
888
1192
1644
1996
1988
4240
148
224
828
2736
816
5440
972
108
4564
2408
72
1768
36
936
152
532
5676
180
1416
1768
12104
3508
2156
3536
21348
1384
1780
756
1916
3740
6068
312
3384
336
24
940
396
208
2276
1220
1508
4936
1072
28
732
4612
1500
60
500
848
5056
840
360
16836
5000
216
8912
25008
2680
1396
1464
668
2044
144
16
568
700
344
1036
364
816
3244
328
1128
600
2756
2284
6580
736
9200
704
140
4100
608
3480
356
8572
1952
376
1452
1088
512
4808
12
1924
876
2448
336
16520
2712
868
8260
1508
864
620
948
328
9652
4912
25184
72
444
4228
1928
456
1820
2040
48
8528
3044
356
1704
264
488
40
2340
7444
2248
12
7564
2252
176
688
9968
1252
2524
176
264
3244
2128
2004
8176
6884
2704
48
15328
9380
1516
140
208
1160
448
6480
1112
580
2200
860
2100
112
320
2108
332
3168
592
11840
3116
688
8480
536
460
448
120
24448
10592
48
4776
4180
856
1616
564
856
272
1736
732
2416
2040
540
5048
5612
2412
100
2164
3172
656
12
3224
1800
824
3464
2040
4044
744
148
2844
36
144
24
424
9864
16
6836
60
60
712
220
2968
7856
12
436
324
2908
68
1384
1072
64
1416
628
124
1304
60
19564
752
2284
5372
1272
1360
3880
608
288
3664
932
80
8064
21244
540
896
2772
2288
200
1012
1612
2860
4516
2900
4572
848
5064
744
1756
1592
1332
444
2228
584
204
3024
652
1308
960
5084
1276
736
1124
968
11608
2980
384
7548
3588
440
56
36
272
25540
1604
336
2320
2488
700
724
1664
444
7804
3840
2404
36
436
1100
1144
3580
3968
328
540
796
4988
1116
20
4356
328
2056
516
2408
32
1368
10912
1284
768
864
1796
4548
1328
2708
1300
8412
372
2780
2424
100
484
3312
16
220
2740
328
164
624
2364
1516
5324
2048
21172
3128
752
2952
8356
28
284
796
400
144
152
2820
2144
7512
9928
1876
508
12
368
2348
312
4384
11556
536
480
520
476
3480
1184
232
1340
140
2272
392
1656
2084
5116
796
3132
1020
1856
300
812
3624
9832
556
2832
808
700
1708
400
500
1208
27312
324
76
4800
448
508
3888
904
348
56
80
772
2004
2184
4840
2612
712
72
148
1304
1500
684
744
40
7340
1396
11968
28
1096
2720
1608
9756
3276
636
676
1588
568
748
2316
816
2036
35176
2652
1312
688
2308
1448
1340
1348
936
1124
672
3344
1732
652
240
1704
92
308
8372
9880
2036
2388
1220
608
2572
1060
3300
320
1392
688
2808
2924
3024
2412
444
856
5540
1012
468
248
160
9768
396
2008
4372
7076
1704
928
732
132
7416
80
2676
140
1080
1896
6024
1004
2912
5236
1900
216
596
1228
1276
1196
8236
2136
1072
428
420
968
1360
680
68
5968
1000
11408
264
4588
224
240
28
2644
272
772
3352
9788
1616
248
3312
572
84
60
22432
1644
10356
460
16
52
196
9540
1392
40
952
3380
1148
1568
18684
1304
836
2052
11180
1036
1176
304
46212
604
1120
5888
3432
108
4956
2952
3448
924
6096
20
2568
2384
64
892
60
276
1256
384
948
180
1312
3068
9576
5496
4952
48
10540
15052
1712
364
172
1416
5128
44
13444
3376
3260
1252
728
1488
2148
6516
43380
8048
1488
6060
1276
532
32
176
3528
2500
964
1904
1108
9124
1740
36
16052
168
12
14288
4664
3616
1908
128
1212
1876
776
5968
412
256
3812
100
148
708
1352
124
804
412
1560
892
1504
112
17516
3120
3356
2844
1884
1536
1008
608
2604
784
2008
9772
40
1080
136
5776
16
40
544
1556
480
4220
232
1716
1568
984
236
1456
180
8584
10848
640
1552
12
428
880
796
796
7224
448
3680
1408
968
1516
320
60
1372
1080
2200
1716
56
984
4864
680
2228
268
3884
64
1328
712
448
15112
516
10868
10228
1260
68
96
1160
1008
840
860
5088
1560
3548
220
14044
880
6988
252
672
1000
4796
288
144
12
3588
8340
3876
3000
4028
28
636
224
616
4540
1412
156
136
948
1092
2452
216
196
1296
1648
2408
6504
16724
96
2984
4988
6888
516
532
692
596
220
1692
2332
420
564
15380
20
12
2636
16908
132
2528
3988
700
5388
13900
20
1404
84
4364
3432
4088
832
1888
60
2908
2988
120
480
464
1548
1216
3332
1132
896
1964
840
1108
13920
3392
12140
3920
2528
1052
6572
12
2292
4640
512
2168
3036
804
892
8672
236
856
108
20
416
16
192
4964
3080
360
576
3608
5396
776
240
32
240
16
2812
1964
888
1068
224
2144
772
13496
84
908
996
40
1872
1608
1756
1104
1376
904
604
7140
228
740
176
1948
2604
3776
408
360
292
1752
1624
9924
4152
1220
2144
5992
3336
728
1080
1696
884
10480
1180
12
1316
748
548
224
228
6012
168
792
1736
60
7796
320
676
952
464
928
520
11044
17736
956
1312
412
1696
600
3416
1196
1440
1692
864
8588
2224
2396
1344
1576
21524
60
368
1684
260
6112
2620
1688
784
1472
2668
2936
9196
12836
188
116
3652
564
1344
1876
352
372
6224
20
3600
168
3812
308
528
12
1944
1236
20
1868
4808
1804
6828
536
1528
4028
1560
1040
184
46328
1008
1536
220
920
13680
4596
168
1376
620
388
3272
752
3808
352
6012
1460
520
8896
1536
5848
156
3024
2428
932
500
208
440
304
1812
128
2236
716
624
400
6080
3864
28
444
160
2600
3068
12
1436
36
4096
28
1768
3136
360
1088
728
41580
3892
1528
1164
1644
1420
1536
448
156
2328
2924
684
4572
756
1908
4588
384
16
556
6856
1128
932
1620
440
240
3888
1704
1644
11748
3164
3904
7348
1276
4928
10764
512
3064
184
6516
4752
9560
15664
216
3716
452
128
76
15860
416
808
12
36
408
7528
256
1132
2408
6568
3768
2436
520
336
5656
808
8788
9824
16
200
3800
10400
1964
1076
692
1036
1848
108
52
12
33900
1300
1496
1416
1660
1660
184
152
548
592
3204
6360
1296
416
1140
1048
1696
800
948
476
64
8368
1784
12552
988
44
1096
148
12096
4736
620
772
988
472
1100
16
2176
92
3876
312
72
2092
60
5312
356
2620
3020
1208
2396
88
19816
3304
652
932
1824
172
784
10420
5116
6372
56
240
336
6864
3832
184
8612
312
4768
3556
1836
464
112
1044
532
180
1540
860
312
12
780
148
224
2800
676
1120
14824
84
3052
636
208
6876
328
5312
1356
528
116
324
1284
9148
456
892
1936
668
12
636
1088
1740
472
9752
1236
916
572
88
760
1644
584
1128
7428
204
12
932
2468
6324
584
1288
52
120
4268
1252
4888
436
4036
256
4408
1892
1892
20
160
10000
740
628
2736
12
200
2804
6996
272
2308
1392
1448
280
2848
2880
1104
4916
896
660
648
644
968
1784
96
12204
9020
696
4176
72
568
1436
2424
1996
8316
2620
6476
668
56
5504
1212
7092
188
2524
21764
1984
456
272
1080
396
2280
1452
540
4984
1332
1320
956
152
404
3436
8780
64
76
504
1756
5252
1128
11624
7692
5272
5904
840
164
8672
108
2256
1232
76
3408
10432
16288
844
6264
3480
2760
632
576
420
768
16
152
964
1760
580
1464
1160
752
144
2268
5920
1552
860
12
1064
1056
2420
1888
868
5144
200
1484
948
76
8424
96
2656
584
1608
856
76
2420
2988
1572
6952
796
660
776
452
72
2564
1068
360
3996
780
1340
160
5644
2224
30320
168
1784
452
548
1416
868
1312
680
12332
4132
532
16696
28
864
2032
48
412
584
476
764
1192
236
2752
300
392
316
880
5444
1868
1896
548
220
688
2540
612
2488
184
504
2008
168
724
2420
404
684
252
136
584
7932
948
692
24
1304
636
808
528
152
4248
940
1112
760
2404
596
3740
76
3392
1464
3168
728
1080
76
592
276
2036
452
6756
252
336
52
4364
668
684
336
9012
10848
12
3928
376
32
544
2792
988
500
264
9924
2716
4096
96
5196
2292
268
6596
5600
928
256
1048
3460
1424
212
352
4556
284
412
244
816
652
272
24
4964
1220
12
2644
7784
436
2816
9144
5696
504
1648
1200
35528
756
2792
1720
820
412
7056
3284
5920
8348
20
5012
228
416
220
148
208
452
892
2548
236
312
4592
1656
1456
3388
1776
240
9820
2004
4268
492
40
1288
2148
548
140
1416
4036
3436
468
2744
2296
160
12
60
1968
1204
1156
384
1780
860
4208
3692
952
984
2424
856
2976
16280
1428
3636
3564
1812
276
24112
2768
376
200
192
4884
2248
116
276
12
19692
6472
696
820
604
972
15036
1356
2240
204
1196
1508
2212
260
1036
3096
5680
4488
444
440
3248
180
432
11448
532
944
2876
1516
1024
15812
2532
2708
60
2088
832
604
9900
576
7264
684
2464
4516
292
888
1668
468
2364
720
3736
996
1120
2904
2960
1652
552
372
480
124
472
512
252
4428
252
4708
1172
16
188
3064
7492
260
1380
14544
2756
264
1048
488
284
340
1524
100
1480
288
2924
1416
92
92
192
3020
7196
1028
7580
16
60
1416
5280
2744
1576
664
3628
4712
548
12
9872
1796
13552
1180
1032
28
4724
3456
304
3032
4272
1508
276
12628
692
4508
2888
12
456
800
288
2648
1404
4216
2824
23880
1432
344
464
244
7696
12340
14760
1648
32844
6084
2624
5216
1284
8124
5080
9740
3424
17500
460
588
232
312
5600
752
1652
652
792
396
5968
1140
444
856
3016
1976
496
8672
2512
132
16
704
488
320
1708
256
668
420
4328
288
1464
1728
92
3320
1064
3740
1068
3664
252
9540
100
568
32
1352
5092
2200
28
3080
2724
1704
4364
184
12
7668
212
12
480
636
316
19544
5772
2300
800
1000
3316
4760
160
52
368
2224
5844
17112
2540
2820
3984
996
540
104
656
7232
1236
2124
19644
1520
1696
3704
296
5020
1440
968
3376
12
264
284
5868
908
1768
12
272
4864
440
544
496
13976
1908
7972
4784
3452
5360
2180
16
2828
476
5440
652
7384
140
2396
864
76
336
388
4180
596
4840
1208
432
364
280
320
1848
2520
1188
11608
5992
44
5968
2668
11000
1044
1308
2848
168
720
380
452
5228
584
1324
888
80
428
3016
1988
664
928
88
320
156
400
4836
188
424
1032
788
1620
288
3100
1004
1056
688
1000
360
12
480
4616
12
3164
1192
992
172
956
612
792
4260
2176
1588
448
260
32
1520
12
1524
10168
880
8556
1968
4448
564
60
2768
464
7660
36
96
1004
8316
88
1116
340
92
2412
45256
1700
3224
60
5192
576
24
344
2968
2084
884
24
4080
1344
17932
952
852
17316
3028
11116
1092
260
1216
744
1396
9652
344
2464
920
3264
2564
20
604
608
1276
1560
216
21416
104
840
2852
272
1140
1500
620
3788
2284
56
316
1368
1012
1212
4604
728
524
2552
2396
12
4108
588
18300
2900
400
648
4960
2916
152
3824
2740
356
40
8452
2696
2004
2920
52
4280
11656
1232
1464
1264
64
1296
496
15204
36
236
7480
3788
23424
692
4996
2960
400
180
1188
852
1444
920
1004
5156
124
7916
796
32
2384
1392
544
7272
1324
1752
296
6400
5376
284
212
544
848
4216
1804
24
1028
1744
4748
956
26980
1192
12376
1696
748
12
16
900
56
5296
232
3944
144
1480
3864
312
668
9932
436
424
20
22452
2224
540
1184
4960
236
4016
676
2952
552
468
208
264
732
648
220
5876
4692
61228
876
3560
420
16956
592
820
480
6272
3084
6404
6104
892
772
412
9908
12
944
44732
724
1664
2160
724
128
168
188
2604
11672
3704
352
4700
476
1124
4996
1216
8520
2320
2412
168
1504
1872
144
28
344
444
3124
744
31644
336
576
7936
724
12
1948
1092
2460
1008
244
724
84
3180
1196
2552
52
584
48
3324
9008
472
356
1016
36212
388
2256
4284
672
668
2532
800
3172
624
340
5332
3176
10948
1312
7228
5676
92
220
8068
784
128
56
756
304
22604
84
4020
168
2668
2908
11900
3892
6296
164
7196
1460
5928
3352
48
9020
32
2184
748
11872
664
260
12
22784
288
784
6984
188
5920
260
316
3400
188
416
20476
7412
572
72
472
72
22132
356
100
448
776
3440
596
21976
372
2952
152
1324
3284
1620
1992
1360
1268
3864
20
788
152
2488
88
884
320
4008
2328
312
16
696
4580
13936
1340
344
444
5684
640
1504
424
3268
984
1524
528
3044
884
1036
4600
1424
560
3484
2856
548
9648
260
400
1768
292
196
10192
300
10956
7472
928
884
1072
1716
6216
172
1876
176
8696
1164
2012
2900
2460
296
672
464
1600
1272
256
10412
20572
556
3256
4752
900
7916
1856
1236
8584
832
1560
864
24
1976
8792
80
8456
16
344
1168
64
128
4356
40
1048
1620
10336
244
6812
9560
2336
13244
1292
12
32
5980
12
2716
780
1524
1208
8556
892
24
17492
32
524
500
736
9132
608
184
500
468
1000
148
12
1860
140
12
192
4420
392
11560
2592
1088
116
4676
868
832
484
540
544
17000
11300
336
1352
1028
136
34700
752
20
1788
1372
180
5240
2236
688
3432
2416
2960
2596
344
328
2092
312
1644
1708
2772
1288
664
10544
4752
772
624
196
80
1456
7872
2728
3428
372
5040
484
1072
196
316
200
3700
524
5236
2576
340
14888
5664
232
2600
1516
432
1000
204
2908
40
104
700
228
12
1708
30276
28
548
112
3412
1384
4492
1000
268
5916
16628
2708
40
852
80
1248
1992
428
2360
4548
1964
3596
368
8876
808
11340
2216
204
1108
1352
2176
72
448
8144
188
112
408
956
3240
52
908
564
1884
308
5472
148
13988
176
2900
208
360
6412
4572
28
408
3528
588
160
144
716
1900
1040
496
1752
548
2536
2260
916
2672
700
1612
792
3800
13884
1232
1880
4404
936
660
20
1448
508
524
2952
932
400
12
12
156
364
324
300
10200
760
16580
1660
236
5328
96
936
960
1156
896
1768
44
184
4580
8140
132
2892
452
1044
12
788
240
740
4312
8560
420
2604
6520
224
12
4300
5264
9924
43380
852
676
23092
18764
228
1112
332
16676
5916
4536
4788
204
304
752
2704
540
120
3840
444
9408
3828
32
412
5932
436
448
948
2100
4656
460
5432
1608
28
512
500
464
820
244
18896
2252
3380
9888
1780
1916
540
388
260
192
208
464
900
7036
1188
24
8648
3524
748
2068
676
4108
1344
144
1080
16
1740
2672
88
3160
1180
396
80
3268
11048
152
11360
2116
516
332
688
14864
3412
660
12
716
860
468
384
944
60
1988
584
60
5524
3184
652
76
2832
32
128
24
100
1992
468
1480
100
872
27108
4440
1060
500
76
1604
1548
32
3324
1232
832
412
216
108
28448
464
220
824
8284
3968
1904
488
2260
16
1308
404
1412
1472
1512
6644
24
616
1204
104
13468
64
3352
2520
4980
920
264
972
1620
2196
1952
1508
1096
864
852
1636
1188
4508
4864
336
296
3168
412
7664
12
1528
16
12
608
9420
14960
57052
7944
1224
708
1048
236
2728
364
4660
276
16
36
5552
4180
1320
3024
508
1376
1376
780
320
252
3740
6856
3280
552
956
564
12496
1828
1460
996
1708
172
2792
1840
1056
364
11724
3972
1908
224
3340
756
868
1264
2472
18920
5744
356
768
12
6204
1476
4712
1664
10332
11152
60
1876
5604
2932
36
4640
1936
12
1308
500
368
188
688
1072
20
3260
624
600
20
76
1044
492
1024
12404
13284
348
2760
28
1000
96
27220
4288
4516
5060
652
2976
416
124
1016
2044
12
1656
776
576
7936
436
4008
1420
2620
60
2112
1180
10952
2520
24
1000
36744
344
6124
168
12
424
7264
972
40
16
3900
960
1432
4096
2612
324
396
20
64
440
248
872
160
6284
8256
20
16
616
8060
3328
928
1296
1260
1224
5560
880
27104
2816
3264
4652
284
5732
1600
388
1068
128
12
5452
72
184
1804
92
632
7272
1956
1592
1144
8212
1232
23816
20360
1684
192
2932
1352
280
1896
672
552
280
376
32
5440
4256
5936
1188
40224
4908
612
732
756
448
788
12
612
404
96
684
944
748
300
16
1064
16
980
584
1232
512
432
1756
23324
24
624
2112
460
796
2324
15488
6924
856
3944
632
124
10112
1068
9756
2428
1308
216
1336
1628
84
5712
2564
60
360
1340
16
1460
900
3364
660
3320
2400
532
180
60
1232
588
18064
628
276
6660
872
960
5180
648
984
204
22124
1036
4824
696
1140
520
796
5496
1572
76
1144
3936
3960
1376
288
1348
580
1428
8380
192
388
816
24
120
816
5900
320
1024
780
412
2900
56
1056
1376
564
1252
676
2396
1024
2864
508
1692
96
1104
384
11984
556
19868
1652
16
5696
156
8916
228
84
900
12848
716
3344
2388
1132
1052
100
80
1100
7496
616
3744
556
1656
4124
23384
168
1532
76
980
376
6984
1272
16
3080
11952
7828
712
2332
1180
208
11364
2656
172
2312
1964
468
348
992
220
1240
1072
9388
260
7636
168
296
3464
288
3152
2136
10860
1744
5408
2604
480
5344
1216
616
428
1008
572
124
2268
1768
5524
1384
744
320
3540
14088
3276
440
1948
496
280
4056
1380
2216
804
2828
532
880
120
11956
24
6336
152
184
3624
1420
252
132
656
444
352
708
168
64
1372
124
3220
392
8632
384
1084
24
2808
3028
248
5464
3524
1848
2992
4064
4028
5468
1656
92
8416
12
4900
4832
5780
2828
7776
3284
1228
8748
1692
52
1160
2288
476
6448
144
632
1060
1688
600
6668
1504
24
4992
5124
8876
4544
252
192
1332
6364
1304
3828
3152
256
4364
4408
1276
148
1684
2824
2580
16
7296
612
5228
3516
5376
3216
3272
1092
1340
1364
6452
532
1740
20
404
112
128
1484
68
1848
504
444
12
9116
200
1308
400
18324
1184
400
2384
4080
1164
1316
332
544
624
896
9448
8484
396
596
1884
5032
1704
1516
3080
3844
1500
716
776
288
412
1636
6468
1552
340
124
640
1884
420
1332
1160
680
1456
5468
104
292
2536
8000
164
244
444
1004
5428
156
712
3620
1024
1100
2484
220
36
1420
1144
1200
1500
3112
4944
1744
68
2948
2836
1892
4168
108
1112
176
1896
2224
1656
1236
1696
1424
1056
1112
72
932
832
2716
23396
132
5356
3640
912
448
12
36
2316
840
1284
2420
12856
624
4868
96
392
892
1312
4680
2192
2116
776
124
180
840
1016
344
488
13916
324
10312
1976
12
1116
1072
1000
1104
31256
8060
780
80
1088
9524
1572
6844
876
2728
6380
12
108
1864
1600
1804
5080
380
1860
6540
52
1212
5788
5896
2808
84
8344
10400
176
2980
15888
364
32
976
24
5144
332
156
1796
1232
32
348
2672
16
540
2020
640
656
3984
4376
16704
220
680
1144
4268
12
3684
3772
568
6028
460
2492
144
760
1420
1012
584
2048
1776
1812
3688
780
264
32
1840
2540
8576
1172
716
1952
4504
2220
1288
968
852
2040
6184
316
8272
180
3612
332
572
2208
5988
10156
4316
16
8192
3964
14024
4920
15708
596
212
2304
340
1636
40
588
328
208
332
10256
836
2080
1972
36
2556
532
52
796
1808
4404
15524
1184
616
2556
10188
308
404
800
6380
1296
416
3172
568
988
440
3060
1140
612
512
3408
12
372
6400
1004
3068
552
4944
7968
1820
44
796
68
1072
50320
4488
1144
328
4132
592
1424
7468
184
132
3208
6504
80
2704
664
852
1260
8864
12
1600
108
4176
1624
5076
888
640
404
1944
8760
784
1084
4700
976
88
4316
672
196
248
1472
10756
1240
100
3400
608
500
5540
3676
9940
2460
296
976
164
1160
3036
448
480
1700
3816
360
1100
72
2548
996
364
1720
6224
5072
16128
588
5536
176
560
24420
3500
2072
2404
152
16
7328
12
3132
8084
21304
2408
828
5516
2120
1132
3128
1592
768
3808
568
1020
1808
1160
788
308
1948
520
2092
728
156
13920
5436
15348
644
1180
2380
13772
900
24
1272
10308
476
936
308
3908
848
4624
84
612
2500
272
184
12
1412
320
17200
9056
4848
632
56
2828
7960
7496
1316
440
4416
724
6092
5600
7908
696
772
204
1928
1884
256
4620
484
8196
12
2160
16
76
812
384
92
1108
28
588
68
31660
4184
136
92
104
1436
28
24
136
14400
1072
604
28128
4580
4108
736
1472
18128
28
6704
1264
456
92
4532
15552
40
464
2680
460
2708
196
2792
2404
212
296
23356
44
5092
2748
848
80
1980
16
1460
1812
3156
136
748
1912
148
292
1212
2016
364
6676
1968
148
1988
30380
5700
2348
3724
444
3264
5684
16
1704
11732
2692
1976
1088
10940
2864
88
16
452
1996
1404
2572
164
1412
144
21000
1160
448
104
1384
1128
212
1292
7224
14860
4380
736
4232
22712
1672
792
9836
6472
404
1396
156
1828
1024
6232
444
4904
1512
4856
228
932
8500
4716
244
232
116
1432
2940
2304
1896
784
476
2008
4744
2776
16
1824
28952
1184
5376
1676
4248
1684
576
12
4528
3580
88
5884
1332
2996
180
188
72
252
28
528
1384
2600
448
5532
9072
688
27000
512
192
4964
80
11560
20
40
60
92
1524
708
1680
1516
6756
424
228
3196
1940
4868
1184
812
2428
292
628
12
140
8916
188
11076
12
16208
1060
104
2412
3700
16060
3496
276
3552
1100
312
100
2392
2248
3340
2408
236
48
1172
592
940
784
168
2420
1252
284
520
1984
84
1324
852
532
1936
3644
2080
4012
1376
840
2076
132
3036
20
5432
13844
284
4944
776
164
708
6888
2232
1652
148
1068
12
20
1340
380
956
10504
396
4916
2720
1284
9988
156
2028
924
688
1548
5896
880
8428
1024
148
5172
3808
3992
12
2496
584
728
1352
544
144
2240
14416
11812
14572
36
1488
1260
1116
4036
88
624
2148
712
948
652
928
2008
16
2144
5036
168
2100
17848
116
4752
2972
88
5080
27888
432
10856
596
476
28
16060
9640
1352
612
1056
284
3668
3060
588
10416
1212
192
3288
624
552
620
152
236
1300
23444
292
6784
3212
624
20
12092
10028
684
348
2784
200
11376
2544
9888
120
16328
172
68
228
1760
588
2808
4652
1588
10324
1028
2092
7528
960
48
7804
316
824
188
340
17980
368
6144
744
656
1000
5144
2076
380
44
980
108
104
280
10320
20
3508
3300
3724
428
1900
448
1220
484
28
4280
1312
532
584
212
312
2716
1012
3144
7604
124
2220
2616
1340
6060
580
436
4824
144
12188
240
152
3760
3996
11964
488
704
596
108
60
12
68
32
192
876
352
720
3824
4088
604
960
5108
640
696
340
264
6180
64
1168
96
20336
664
744
248
144
116
1004
7296
3092
632
96
736
196
596
304
148
1980
25648
188
852
14732
1084
8040
860
1952
5868
68
8008
6080
324
12
2732
1552
352
640
524
40
12180
6200
864
124
40
5856
20
228
196
112
212
12
1640
6556
144
1992
1568
3344
976
628
12
5248
732
92
1708
968
208
3792
196
24
20
3308
424
44
1536
1176
5100
1320
1776
68
6020
2112
1424
348
324
544
508
3576
860
668
1040
6844
28
1268
5824
1124
192
212
92
556
22152
24236
392
516
1796
2684
4660
1772
9344
2616
6932
1036
1004
236
2356
532
448
5244
404
36
28
1484
3556
960
16
820
1084
3428
3480
3884
816
2360
624
10272
24084
4980
2320
828
96
2084
1448
2360
2740
132
608
164
652
692
4008
5984
4508
320
512
792
1472
2032
1136
464
500
964
20
1480
16500
276
2676
4016
476
44
5020
212
1584
3308
11608
1144
20
172
3144
744
700
348
184
41272
936
23252
808
728
7668
2112
900
3492
1824
1328
2060
1756
600
11984
1628
268
268
116
1516
496
5376
720
16204
4868
948
236
3104
848
5356
4816
48
48
2348
12
1080
692
1432
40
10260
284
1260
1124
400
2368
1720
8188
172
1564
1092
172
432
312
32896
444
1824
2160
56
17124
56
1964
3300
572
3240
4952
5552
520
340
720
10296
888
552
492
984
636
20
564
5696
560
828
6296
1212
220
652
2792
880
31784
2616
100
4668
104
492
996
4908
600
7144
2588
4040
844
1944
2092
6024
1024
492
1396
100
5488
7408
32
2344
1164
504
9572
16
1068
292
204
3284
6116
1012
1052
972
9196
3160
856
8012
92
1704
692
9428
208
164
1336
4804
108
5700
500
160
7036
492
3800
416
5920
16
800
492
696
16
2840
3332
7084
3000
3596
1596
96
100
616
828
596
6676
1544
240
9068
6984
136
336
2576
6884
428
984
36
164
1352
100
648
3280
9856
1468
2976
512
348
1684
12740
1024
376
276
160
4304
84
2608
364
612
12
32920
1764
2376
724
12228
8988
504
12308
1804
1576
420
2076
1116
8316
66792
868
1096
5520
284
1772
116
1508
840
11696
208
26936
2444
808
112
1296
104
24
236
500
112
928
668
3072
48224
4472
2448
176
200
3952
1564
220
148
1400
8352
28
2460
1468
3428
11676
8532
28
3180
88
1440
5384
3068
68
2664
692
7220
424
2576
140
17260
1720
1360
15372
640
12660
7528
352
624
492
148
1092
7220
7028
4284
1404
804
12
6116
1076
860
784
28
2504
2016
348
1528
336
724
364
3184
1696
1736
420
848
196
5872
832
8644
204
1352
124
24
1144
428
2764
3328
3140
1524
3000
3732
2144
4344
6144
33612
452
52
1040
60
12
932
652
40
5088
2780
6320
1244
2008
60
128
12
2580
2364
24
356
6996
2516
12528
24
4032
12
1380
1700
148
34728
812
160
144
1724
19052
1860
1212
400
4796
16844
4144
440
1980
312
2400
3724
1488
708
340
1368
1652
1440
896
12
328
996
5564
60
16
1808
628
68
5108
16
17056
4580
120
160
792
732
300
1528
1224
1328
104
1540
2648
1436
1556
760
104
336
1164
32
2640
192
9764
1604
96
3736
676
14724
776
24
1520
52
3504
16
280
432
304
476
2340
1300
856
4636
268
11880
684
10304
3216
904
33464
17408
524
2180
4620
12
5704
6636
1268
1244
16
2108
32
32
3556
2224
2572
68
820
3064
2936
864
24
1124
248
4024
120
3160
2248
1768
5180
572
80
808
684
492
1620
2496
16
2220
1200
1952
100
1092
2440
644
3156
2860
14992
476
272
560
15808
168
2540
1820
1256
3268
1408
2276
15988
3384
244
536
1988
552
336
328
1032
4664
2240
4240
5520
5256
1860
4836
5148
5472
8612
800
552
1152
3208
2852
5344
348
1860
492
396
3404
2288
504
8872
8652
760
760
2092
296
3000
32
7244
516
116
924
6532
140
2316
2840
992
1424
236
96
984
8468
6892
500
6880
788
8084
212
7424
5708
2936
68
1480
3164
84
52
3500
1504
588
2356
752
5696
10012
12
3904
336
1188
14724
300
124
1092
4392
4500
5752
6044
736
736
1864
21164
2116
852
580
516
932
220
6140
856
6416
1004
692
340
4340
3640
3200
488
928
796
1976
3380
16
3776
14740
1300
272
480
168
3748
336
10288
524
18816
204
240
5032
16020
1136
1868
60
2496
440
672
12
4252
5192
1236
896
4884
324
7836
4220
268
2140
400
280
1300
40
3872
3040
6060
136
232
1568
3676
3924
3568
3392
356
212
1308
972
1824
12324
1404
31056
248
1536
1452
2200
12
8968
4864
772
16
7444
944
876
13280
424
60
1232
2068
1912
11036
140
196
748
660
4720
964
516
5680
116
16
1084
376
20
412
3444
120
828
2320
12
2028
6484
1316
2888
2044
240
388
20584
376
7620
16
308
204
1464
1680
512
164
4052
1164
504
32
224
196
7024
1028
10088
1416
584
32760
324
144
4512
848
80
6140
776
316
1032
164
5324
808
168
1784
344
768
204
1060
512
380
32
52
3212
30164
296
2876
688
200
744
792
492
404
428
4120
648
112
4612
2692
1352
9136
2432
1976
2328
864
92
816
532
8816
1008
896
1628
272
548
4012
1344
8164
2196
1084
1656
184
152
420
1428
108
7528
10180
972
5268
20360
2060
9300
2344
320
18484
348
112
620
144
3148
24
3044
1260
20
2172
1988
240
156
64
664
2868
2092
396
836
1968
244
1072
616
456
2416
4460
3044
460
916
2140
916
1652
1956
468
5232
4428
2236
2996
688
276
4084
8368
88
2580
3796
2636
2400
3392
1868
1920
508
756
3232
6472
132
204
5972
532
120
18808
2660
5328
1812
19384
2520
548
224
64
2684
560
200
4720
220
9920
520
128
456
17020
1556
4692
584
1724
128
11480
2016
6524
19776
416
1232
3548
2212
2576
1664
312
80
516
684
452
3176
6196
5212
1904
1024
4224
584
68
17156
264
396
776
7792
16
2032
1692
28
1120
5020
1432
160
752
7492
19912
2240
1652
1476
24
24
460
16104
7552
12
1720
5140
2140
1348
748
2692
1060
420
284
364
1568
688
4744
164
2456
2344
4436
472
1816
92
424
18404
668
2716
196
44
2016
8320
256
2220
412
7132
8112
408
2912
3052
8180
1720
7872
5376
2064
424
240
1560
1560
12
836
12
2392
84
4328
1024
4420
4848
2036
1700
180
1120
9776
13884
1540
3140
420
924
28
3608
2940
14088
36
3368
6384
624
1164
19936
508
196
472
1016
264
1932
2640
604
108
12
3600
2248
7440
396
136
464
664
168
3760
2932
12
112
1428
668
1408
3572
792
220
484
12
2920
2516
1140
580
68
1756
1576
1440
312
200
4272
4236
1264
904
1484
280
1128
1004
696
52
76
1428
392
6204
1696
304
728
168
348
892
3136
2504
4228
268
5612
2340
1164
10144
1264
680
1144
80
36
17012
544
4524
572
20
632
1252
12
1692
9636
1268
1748
380
816
484
720
284
1064
3196
392
260
9744
564
160
1696
8344
96
976
520
6280
3096
144
36
1752
5608
576
1352
7060
6500
24
1880
700
5920
3056
1440
476
464
4524
408
2648
148
60
24
152
192
1452
12152
652
2972
920
6740
2584
696
27568
2124
5176
7848
428
4696
2804
252
412
7264
308
10684
2724
300
